   # Channel 0
    "70 14 03 3C 81 3C 81 3C 81 3E 81 39 83 37 81 3C 83 3E 83 39 81 3C 3E 3C 39 37 83 3E 81 3E 81 3E 81 40 81 39 83 37 81 3E 83 40 83 39 81 3E 40 3E 39 37 83 37 8F 61 81 39 81 37 81 39 81 34 81 34 81 32 81 34 81 37 8F 61 81 39 81 37 81 39 81 34 81 34 81 32 81 37 81 70 27 01 30 81 30 81 30 81 32 81 2D 83 2B 83 37 83 3C 81 39 81 37 87 34 83 3C 81 34 81 34 83 34 83 37 82 39 37 81 30 81 32 87 37 81 37 81 2D 81 32 81 30 83 2D 83 37 82 39 37 81 2D 81 30 83 2D 83 34 82 37 39 81 3C 81 3C 81 39 81 37 81 34 81 37 8F 30 81 30 81 30 81 32 81 2D 83 2B 83 37 83 3C 81 39 81 37 87 34 83 3C 81 34 81 34 83 34 83 37 82 39 37 81 30 81 32 87 37 81 37 81 2D 81 32 81 30 83 2D 83 37 82 39 37 81 2D 81 30 83 2D 83 34 82 37 39 81 3C 81 39 81 37 81 34 81 32 81 30 8F 32 81 32 81 32 81 30 81 32 83 37 83 3C 83 3C 81 37 81 39 87 3C 83 39 81 37 81 34 83 34 81 37 81 39 81 37 81 39 8B 39 81 39 81 39 81 37 81 34 83 3C 83 3C 83 3C 81 34 81 37 87 37 83 34 81 37 81 2F 83 2F 81 32 81 2F 81 2D 81 2B 8B 30 81 30 81 30 81 32 81 2D 83 2B 83 37 83 3C 81 39 81 37 87 34 83 3C 81 34 81 34 83 34 83 37 82 39 37 81 30 81 32 87 37 81 37 81 2D 81 32 81 30 83 2D 83 37 82 39 37 81 2D 81 30 83 2D 83 34 82 37 39 81 3C 81 39 81 37 81 34 81 32 81 30 8F 34 82 37 39 81 3C 81 39 81 37 81 34 81 32 81 30 8F 63",
   # Channel 1

    "70 14 03 3C 81 3C 81 3C 81 3E 81 39 83 37 81 3C 83 3E 83 39 81 3C 3E 3C 39 37 83 3E 81 3E 81 3E 81 40 81 39 83 37 81 3E 83 40 83 39 81 3E 40 3E 39 37 83 37 8F 61 81 39 81 37 81 39 81 34 81 34 81 32 81 34 81 37 8F 61 81 39 81 37 81 39 81 34 81 34 81 32 81 37 81 70 27 01 30 81 30 81 30 81 32 81 2D 83 2B 83 37 83 3C 81 39 81 37 87 34 83 3C 81 34 81 34 83 34 83 37 82 39 37 81 30 81 32 87 37 81 37 81 2D 81 32 81 30 83 2D 83 37 82 39 37 81 2D 81 30 83 2D 83 34 82 37 39 81 3C 81 3C 81 39 81 37 81 34 81 37 8F 30 81 30 81 30 81 32 81 2D 83 2B 83 37 83 3C 81 39 81 37 87 34 83 3C 81 34 81 34 83 34 83 37 82 39 37 81 30 81 32 87 37 81 37 81 2D 81 32 81 30 83 2D 83 37 82 39 37 81 2D 81 30 83 2D 83 34 82 37 39 81 3C 81 39 81 37 81 34 81 32 81 30 8F 32 81 32 81 32 81 30 81 32 83 37 83 3C 83 3C 81 37 81 39 87 3C 83 39 81 37 81 34 83 34 81 37 81 39 81 37 81 39 8B 39 81 39 81 39 81 37 81 34 83 3C 83 3C 83 3C 81 34 81 37 87 37 83 34 81 37 81 2F 83 2F 81 32 81 2F 81 2D 81 2B 8B 30 81 30 81 30 81 32 81 2D 83 2B 83 37 83 3C 81 39 81 37 87 34 83 3C 81 34 81 34 83 34 83 37 82 39 37 81 30 81 32 87 37 81 37 81 2D 81 32 81 30 83 2D 83 37 82 39 37 81 2D 81 30 83 2D 83 34 82 37 39 81 3C 81 39 81 37 81 34 81 32 81 30 8F 34 82 37 39 81 3C 81 39 81 37 81 34 81 32 81 30 8F 63",
   # Channel 2 (empty)
    "",

   
   # Channel 3 (empty)
    "",

    
   # Channel 4
    "24 87 21 83 21 83 26 87 26 83 26 83 26 87 21 83 21 83 26 87 1F 83 1F 83 24 87 2B 83 2B 83 1F 87 26 83 26 83 24 87 2B 83 2B 83 1F 87 26 83 26 83 24 87 2B 83 2B 83 24 87 2B 83 2B 83 24 87 2B 83 2B 83 1F 87 26 83 26 83 1F 87 24 83 24 83 1F 87 24 83 24 83 24 87 2B 83 2B 83 1F 87 26 83 26 83 24 87 2B 83 2B 83 24 87 2B 83 2B 83 24 87 2B 83 2B 83 1F 87 26 83 26 83 1F 87 24 83 24 83 1F 87 24 83 24 83 21 87 28 83 28 83 24 87 2B 83 2B 83 26 87 1F 83 1F 83 24 87 21 83 21 83 24 87 2B 83 2B 83 21 87 28 83 28 83 21 87 28 83 28 83 24 87 2B 83 2B 83 1F 87 26 83 26 83 1F 87 26 83 26 83 24 87 2B 83 2B 83 24 87 2B 83 2B 83 24 87 2B 83 2B 83 1F 87 26 83 26 83 1F 87 24 83 24 83 1F 87 24 83 24 83 21 87 1F 83 1F 83 24 87 2B 83 2B 83 21 87 1F 83 1F 83 24 87 2B 83 2B 83 61 8F",



   # Channel 5
    "24 87 21 83 21 83 26 87 26 83 26 83 26 87 21 83 21 83 26 87 1F 83 1F 83 24 87 2B 83 2B 83 1F 87 26 83 26 83 24 87 2B 83 2B 83 1F 87 26 83 26 83 24 87 2B 83 2B 83 24 87 2B 83 2B 83 24 87 2B 83 2B 83 1F 87 26 83 26 83 1F 87 24 83 24 83 1F 87 24 83 24 83 24 87 2B 83 2B 83 1F 87 26 83 26 83 24 87 2B 83 2B 83 24 87 2B 83 2B 83 24 87 2B 83 2B 83 1F 87 26 83 26 83 1F 87 24 83 24 83 1F 87 24 83 24 83 21 87 28 83 28 83 24 87 2B 83 2B 83 26 87 1F 83 1F 83 24 87 21 83 21 83 24 87 2B 83 2B 83 21 87 28 83 28 83 21 87 28 83 28 83 24 87 2B 83 2B 83 1F 87 26 83 26 83 1F 87 26 83 26 83 24 87 2B 83 2B 83 24 87 2B 83 2B 83 24 87 2B 83 2B 83 1F 87 26 83 26 83 1F 87 24 83 24 83 1F 87 24 83 24 83 21 87 1F 83 1F 83 24 87 2B 83 2B 83 21 87 1F 83 1F 83 24 87 2B 83 2B 83 61 8F",

   # Channel 6 (Drums)
    "18 81 05 81 05 81 05 81 18 81 05 81 18 81 05 81 18 81 05 81 05 81 05 81 18 81 05 81 18 81 05 81 18 81 05 81 05 81 05 81 18 81 05 81 18 81 05 81 18 81 05 81 05 81 05 81 18 81 05 81 18 81 05 81 18 81 05 81 05 81 05 81 18 81 05 81 18 81 05 81 18 81 05 81 05 81 05 81 18 81 05 81 18 81 05 81 18 81 05 81 05 81 05 81 18 81 05 81 18 81 05 81 18 81 05 81 05 81 05 81 18 81 05 81 18 81 05 81 18 81 05 81 05 81 05 81 18 81 05 81 18 81 05 81 18 81 05 81 05 81 05 81 18 81 05 81 18 81 05 81 18 81 05 81 05 81 05 81 18 81 05 81 18 81 05 81 18 81 05 81 05 81 05 81 18 81 05 81 18 81 05 81 18 81 05 81 05 81 05 81 18 81 05 81 18 81 05 81 18 81 05 81 05 81 05 81 18 81 05 81 18 81 05 81 18 81 05 81 05 81 05 81 18 81 05 81 18 81 05 81 18 81 05 81 05 81 05 81 18 81 05 81 18 81 05 81 18 81 05 81 05 81 05 81 18 81 05 81 18 81 05 81 18 81 05 81 05 81 05 81 18 81 05 81 18 81 05 81 18 81 05 81 05 81 05 81 18 81 05 81 18 81 05 81 18 81 05 81 05 81 05 81 18 81 05 81 18 81 05 81 18 81 05 81 05 81 05 81 18 81 05 81 18 81 05 81 18 81 05 81 05 81 05 81 18 81 05 81 18 81 05 81 18 81 05 81 05 81 05 81 18 81 05 81 18 81 05 81 18 81 05 81 05 81 05 81 18 81 05 81 18 81 05 81 18 81 05 81 05 81 05 81 18 81 05 81 18 81 05 81 18 81 05 81 05 81 05 81 18 81 05 81 18 81 05 81 18 81 05 81 05 81 05 81 18 81 05 81 18 81 05 81 18 81 05 81 05 81 05 81 18 81 05 81 18 81 05 81 18 81 05 81 05 81 05 81 18 81 05 81 18 81 05 81 18 81 05 81 05 81 05 81 18 81 05 81 18 81 05 81 18 81 05 81 05 81 05 81 18 81 05 81 18 81 05 81 18 81 05 81 05 81 05 81 18 81 05 81 18 81 05 81 18 81 05 81 05 81 05 81 18 81 05 81 18 81 05 81 18 81 05 81 05 81 05 81 18 81 05 81 18 81 05 81 18 81 05 81 05 81 05 81 18 81 05 81 18 81 05 81 18 81 05 81 05 81 05 81 18 81 05 81 18 81 05 81 18 81 05 81 05 81 05 81 18 81 05 81 18 81 05 81 18 81 05 81 05 81 05 81 18 81 05 81 18 81 05 81 18 81 05 81 05 81 05 81 18 81 05 81 18 81 05 81 18 81 05 81 05 81 05 81 18 81 05 81 18 81 05 81 18 81 05 81 05 81 05 81 18 81 05 81 18 81 05 81 18 81 05 81 05 81 05 81 18 81 05 81 18 81 05 81 20 8F",

