   # Channel 0
   "37 37 34 81 61 83 39 39 35 81 61 83 37 37 34 81 35 81 32 81 34 81 61 85 37 37 34 81 61 83 39 39 35 81 61 83 37 37 34 81 35 81 32 81 30 81 61 81 2B 83 30 83 30 82 32 34 81 37 85 3E 82 40 3E 3C 39 81 37 87 30 82 32 34 81 37 81 39 81 3C 83 39 81 37 82 39 3C 81 34 81 32 87 34 82 37 39 81 3C 81 37 82 39 37 81 35 81 32 82 34 37 81 35 81 34 85 32 81 30 82 32 34 81 37 81 39 81 3C 83 40 81 3E 81 61 81 37 81 61 81 3C 87 30 83 30 82 32 34 81 37 85 3E 82 40 3E 3C 39 81 37 87 30 82 32 34 81 37 81 39 81 3C 83 39 81 37 82 39 3C 81 34 81 32 87 34 82 37 39 81 3C 81 37 82 39 37 81 35 81 32 82 34 37 81 35 81 34 85 32 81 30 82 32 34 81 37 81 39 81 3C 83 40 81 3E 81 61 81 37 81 61 81 3C 87 3C 83 3B 83 39 83 32 83 61 81 3B 83 39 81 37 83 30 83 32 82 34 37 81 37 81 30 82 32 34 83 37 83 39 83 34 87 3C 83 3B 83 39 83 32 83 61 81 3B 83 39 81 37 83 30 83 32 82 34 37 81 37 81 30 82 32 34 83 37 83 39 83 32 83 37 35 34 32 61 83 63",
   
   # Channel 1
   "37 37 34 81 61 83 39 39 35 81 61 83 37 37 34 81 35 81 32 81 34 81 61 85 37 37 34 81 61 83 39 39 35 81 61 83 37 37 34 81 35 81 32 81 30 81 61 81 2B 83 30 83 30 82 32 34 81 37 85 3E 82 40 3E 3C 39 81 37 87 30 82 32 34 81 37 81 39 81 3C 83 39 81 37 82 39 3C 81 34 81 32 87 34 82 37 39 81 3C 81 37 82 39 37 81 35 81 32 82 34 37 81 35 81 34 85 32 81 30 82 32 34 81 37 81 39 81 3C 83 40 81 3E 81 61 81 37 81 61 81 3C 87 30 83 30 82 32 34 81 37 85 3E 82 40 3E 3C 39 81 37 87 30 82 32 34 81 37 81 39 81 3C 83 39 81 37 82 39 3C 81 34 81 32 87 34 82 37 39 81 3C 81 37 82 39 37 81 35 81 32 82 34 37 81 35 81 34 85 32 81 30 82 32 34 81 37 81 39 81 3C 83 40 81 3E 81 61 81 37 81 61 81 3C 87 3C 83 3B 83 39 83 32 83 61 81 3B 83 39 81 37 83 30 83 32 82 34 37 81 37 81 30 82 32 34 83 37 83 39 83 34 87 3C 83 3B 83 39 83 32 83 61 81 3B 83 39 81 37 83 30 83 32 82 34 37 81 37 81 30 82 32 34 83 37 83 39 83 32 83 37 35 34 32 61 83 63",     
   
   # Channel 2
   "24 83 1F 83 1D 83 21 83 24 83 1F 83 1D 83 21 83 24 83 1F 83 1D 83 21 83 24 83 1F 83 1D 83 21 83 24 83 1F 83 24 83 1F 83 24 83 1F 83 24 83 1F 83 24 83 1F 83 24 83 1F 83 24 83 1F 83 24 83 1F 83 24 83 1F 83 24 83 1F 83 24 83 1F 83 24 83 1F 83 24 83 1F 83 24 83 1F 83 24 83 1F 83 24 83 1F 83 24 83 1F 83 24 83 1F 83 24 83 1F 83 24 83 1F 83 24 83 1F 83 24 83 1F 83 24 83 1F 83 24 83 1F 83 24 83 1F 83 24 83 1F 83 24 83 1F 83 24 83 1F 83 24 83 1F 83 24 83 1F 83 24 83 1F 83 24 83 1F 83 24 83 1F 83 24 83 1F 83 24 83 1F 83 24 83 1F 83 24 83 1F 83 24 83 1F 83 24 83 1F 83 24 83 1F 83 24 83 1F 83 24 83 1F 83 24 83 1F 83 24 83 1F 83 24 83 1F 83 24 83 1F 83 24 83 24 81 21 81 1F 81 1F 81 21 81 23 81 61 8F",     

   # Channel 3
   "61 BF 61 AF 61 87 32 32 37 37 35 35 32 32 34 81 37 81 39 81 3C 81 37 81 39 81 37 81 35 81 32 81 34 81 37 81 36 81 34 34 37 37 34 34 32 32 37 8F 61 8F 61 AF 61 87 32 32 37 37 35 35 32 32 34 81 37 81 39 81 3C 81 37 81 39 81 37 81 35 81 32 81 34 81 37 81 36 81 34 34 37 37 34 34 32 32 37 8F 3E 87 3C 83 39 37 39 81 61 81 3C 81 61 81 3B 81 61 81 39 81 61 81 32 81 61 81 3B 81 61 81 39 81 61 81 37 81 61 81 30 81 61 8F 61 87 34 34 37 37 34 34 37 37 61 81 3C 81 61 81 3B 81 61 81 39 81 61 81 32 81 61 81 3B 81 61 81 39 81 61 81 37 81 61 81 30 81 61 8F 61 87 32 32 37 37 35 35 32 32 61 8F",     
    
   # Channel 4
   "34 34 30 81 61 83 35 35 30 81 61 83 34 34 30 81 32 81 2F 81 30 83 61 83 34 34 30 81 61 83 35 35 30 81 61 83 34 34 30 81 32 81 2F 81 30 81 61 81 32 83 61 AF 61 87 32 32 37 37 35 35 32 32 34 81 37 81 39 81 3C 81 37 81 39 81 37 81 35 81 32 81 34 81 37 81 36 81 37 37 3B 3B 37 37 35 35 37 87 39 87 61 8F 61 AF 61 87 32 32 37 37 35 35 32 32 34 81 37 81 39 81 3C 81 37 81 39 81 37 81 35 81 32 81 34 81 37 81 36 81 37 37 3B 3B 37 37 35 35 37 87 39 87 3B 83 3E 83 3C 87 61 81 37 81 61 81 37 81 61 81 35 81 61 81 3B 81 61 81 37 81 61 81 35 81 61 81 34 81 61 81 2B 81 61 8F 61 87 37 37 3B 3B 37 37 3B 3B 61 AF 61 87 37 37 3B 3B 39 39 37 37 61 8F",     
    
   # Channel 5 (empty)
   "",     

   # Channel 6 (Drums)
   "11 81 09 81 11 81 09 81 11 81 09 81 11 81 09 81 11 81 09 81 11 81 09 81 11 81 20 85 11 81 09 81 11 81 09 81 11 81 09 81 11 81 09 81 11 81 09 81 11 81 09 81 11 81 20 81 09 83 1D 81 0D 81 1D 81 0D 81 1D 81 0D 81 1D 81 0D 81 11 81 09 81 11 81 09 81 11 81 09 81 11 81 09 81 11 81 09 81 11 81 09 81 11 81 09 81 11 81 09 81 11 81 09 81 11 81 09 81 11 81 09 81 11 81 09 81 11 81 09 81 11 81 09 81 11 81 09 81 11 81 09 81 11 81 09 81 11 81 09 81 11 81 09 81 11 81 09 81 11 81 09 81 11 81 09 81 11 81 09 81 11 81 09 81 11 81 09 81 11 81 09 81 11 81 09 81 11 81 09 81 1D 81 0D 81 1D 81 0D 81 1D 81 0D 81 1D 81 0D 81 11 81 09 81 11 81 09 81 11 81 09 81 11 81 09 81 11 81 09 81 11 81 09 81 11 81 09 81 11 81 09 81 11 81 09 81 11 81 09 81 11 81 09 81 11 81 09 81 11 81 09 81 11 81 09 81 11 81 09 81 11 81 09 81 11 81 09 81 11 81 09 81 11 81 09 81 11 81 09 81 11 81 09 81 11 81 09 81 11 81 09 81 11 81 09 81 11 81 09 81 11 81 09 81 11 81 09 81 11 81 09 81 11 81 09 81 11 81 09 81 11 81 09 81 11 81 09 81 11 81 09 81 11 81 09 81 11 81 09 81 11 81 09 81 11 81 09 81 11 81 09 81 11 81 09 81 11 81 09 81 11 81 09 81 11 81 09 81 11 81 09 81 11 81 09 81 11 81 09 81 11 81 09 81 11 81 09 81 11 81 09 81 11 81 09 81 11 81 09 81 11 81 09 81 11 81 09 81 11 81 09 81 11 81 09 81 11 81 09 81 11 81 09 81 11 81 09 81 11 81 09 81 11 81 09 81 11 81 09 81 20 8F",     
