
hex_volume_input = [0x01, 0x01, 0x01, 0x0f, 0x0f, 0x0f, 0x00]

   # Channel 0
    "39 81 2D 81 2F 81 30 81 30 81 32 81 34 81 35 81 35 81 37 81 39 81 3C 81 3C 83 3B 83 39 81 2D 81 2F 81 30 81 30 81 32 81 34 81 35 81 35 81 37 81 39 83 37 83 35 83 34 81 34 81 33 81 34 81 34 87 61 81 32 81 34 81 35 81 34 83 32 83 30 83 32 81 34 32 30 83 32 83 3C 3B 3A 39 38 37 36 35 34 33 32 31 30 83 39 81 2D 81 2F 81 30 81 30 81 32 81 34 81 35 81 35 81 37 81 39 81 3C 81 3C 83 3B 83 39 81 2D 81 2F 81 30 81 30 81 32 81 34 81 35 81 35 81 37 81 39 83 37 83 35 83 34 81 34 81 33 81 34 81 34 87 61 81 32 81 34 81 35 81 34 83 32 83 30 83 32 81 34 32 30 83 32 83 61 81 2B 81 2D 81 2F 81 30 81 32 81 34 81 35 81 43 83 61 81 43 81 61 83 43 83 61 81 43 83 43 81 43 81 43 81 43 83 45 83 61 81 45 81 61 83 45 83 61 81 45 83 45 81 45 81 45 81 45 83 61 81 45 81 41 81 3C 81 45 81 41 81 3C 83 61 81 47 81 44 81 40 81 47 81 43 81 40 83 3C 3B 3A 39 38 37 36 35 34 33 32 31 30 83 39 81 2D 81 2F 81 30 81 30 81 32 81 34 81 35 81 35 81 37 81 39 81 3C 81 3C 83 3B 83 39 81 2D 81 2F 81 30 81 30 81 32 81 34 81 35 81 35 81 37 81 39 83 37 83 35 83 34 81 34 81 33 81 34 81 34 87 61 81 32 81 34 81 35 81 34 83 32 83 30 83 32 81 34 32 30 83 32 83 3C 3B 3A 39 38 37 36 35 34 33 32 31 30 83 63",
   
   # Channel 1
    "39 81 2D 81 2F 81 30 81 30 81 32 81 34 81 35 81 35 81 37 81 39 81 3C 81 3C 83 3B 83 39 81 2D 81 2F 81 30 81 30 81 32 81 34 81 35 81 35 81 37 81 39 83 37 83 35 83 34 81 34 81 33 81 34 81 34 87 61 81 32 81 34 81 35 81 34 83 32 83 30 83 32 81 34 32 30 83 32 83 3C 3B 3A 39 38 37 36 35 34 33 32 31 30 83 39 81 2D 81 2F 81 30 81 30 81 32 81 34 81 35 81 35 81 37 81 39 81 3C 81 3C 83 3B 83 39 81 2D 81 2F 81 30 81 30 81 32 81 34 81 35 81 35 81 37 81 39 83 37 83 35 83 34 81 34 81 33 81 34 81 34 87 61 81 32 81 34 81 35 81 34 83 32 83 30 83 32 81 34 32 30 83 32 83 61 81 2B 81 2D 81 2F 81 30 81 32 81 34 81 35 81 43 83 61 81 43 81 61 83 43 83 61 81 43 83 43 81 43 81 43 81 43 83 45 83 61 81 45 81 61 83 45 83 61 81 45 83 45 81 45 81 45 81 45 83 61 81 45 81 41 81 3C 81 45 81 41 81 3C 83 61 81 47 81 44 81 40 81 47 81 43 81 40 83 3C 3B 3A 39 38 37 36 35 34 33 32 31 30 83 39 81 2D 81 2F 81 30 81 30 81 32 81 34 81 35 81 35 81 37 81 39 81 3C 81 3C 83 3B 83 39 81 2D 81 2F 81 30 81 30 81 32 81 34 81 35 81 35 81 37 81 39 83 37 83 35 83 34 81 34 81 33 81 34 81 34 87 61 81 32 81 34 81 35 81 34 83 32 83 30 83 32 81 34 32 30 83 32 83 3C 3B 3A 39 38 37 36 35 34 33 32 31 30 83 63",
   
   # Channel 2
    "21 83 1C 81 21 81 1F 83 1A 81 1F 81 1D 83 18 81 1D 81 1C 83 23 81 1C 81 21 83 1C 81 21 81 1F 83 1A 81 1F 81 1D 83 1D 81 1D 81 18 83 18 81 1D 81 24 81 24 81 1F 81 24 81 1F 81 24 81 1F 81 1D 81 1F 83 1F 81 1A 81 1F 83 1F 83 18 83 1A 81 1F 81 18 83 1A 81 61 81 24 83 61 8B 21 83 1C 81 21 81 1F 83 1A 81 1F 81 1D 83 18 81 1D 81 1C 83 23 81 1C 81 21 83 1C 81 21 81 1F 83 1A 81 1F 81 1D 83 1D 81 1D 81 18 83 18 81 1D 81 24 81 24 81 1F 81 24 81 1F 81 24 81 1F 81 1D 81 1F 83 1F 81 1A 81 1F 83 1F 83 18 83 1A 81 1F 81 18 83 1A 81 61 81 61 81 1F 81 1F 81 1F 81 1F 81 1F 81 1A 81 1F 81 1F 83 61 81 1F 81 61 83 1F 83 61 81 1F 83 1F 81 1F 81 1F 81 1F 83 21 83 61 81 21 81 61 83 21 83 61 81 21 83 21 81 21 81 21 81 21 83 1D 1D 1D 81 1D 81 18 81 1D 81 1D 1D 1D 81 18 81 1C 81 1C 1C 1C 81 1C 81 1C 81 1C 1C 1C 81 1C 81 24 83 61 8B 21 83 1C 81 21 81 1F 83 1A 81 1F 81 1D 83 18 81 1D 81 1C 83 23 81 1C 81 21 83 1C 81 21 81 1F 83 1A 81 1F 81 1D 83 1D 81 1D 81 18 83 18 81 1D 81 24 81 24 81 1F 81 24 81 1F 81 24 81 1F 81 1D 81 1F 83 1F 81 1A 81 1F 83 1F 83 18 83 1A 81 1F 81 18 83 1A 81 61 81 24 83 61 8B 61 8F",    
   
   # Channel 3
    "21 83 1C 81 21 81 1F 83 1A 81 1F 81 1D 83 18 81 1D 81 1C 83 23 81 1C 81 21 83 1C 81 21 81 1F 83 1A 81 1F 81 1D 83 1D 81 1D 81 18 83 18 81 1D 81 24 81 24 81 1F 81 24 81 1F 81 24 81 1F 81 1D 81 1F 83 1F 81 1A 81 1F 83 1F 83 18 83 1A 81 1F 81 18 83 1A 81 61 81 24 83 61 8B 21 83 1C 81 21 81 1F 83 1A 81 1F 81 1D 83 18 81 1D 81 1C 83 23 81 1C 81 21 83 1C 81 21 81 1F 83 1A 81 1F 81 1D 83 1D 81 1D 81 18 83 18 81 1D 81 24 81 24 81 1F 81 24 81 1F 81 24 81 1F 81 1D 81 1F 83 1F 81 1A 81 1F 83 1F 83 18 83 1A 81 1F 81 18 83 1A 81 61 81 61 81 1F 81 1F 81 1F 81 1F 81 1F 81 1A 81 1F 81 1F 83 61 81 1F 81 61 83 1F 83 61 81 1F 83 1F 81 1F 81 1F 81 1F 83 21 83 61 81 21 81 61 83 21 83 61 81 21 83 21 81 21 81 21 81 21 83 1D 1D 1D 81 1D 81 18 81 1D 81 1D 1D 1D 81 18 81 1C 81 1C 1C 1C 81 1C 81 1C 81 1C 1C 1C 81 1C 81 24 83 61 8B 21 83 1C 81 21 81 1F 83 1A 81 1F 81 1D 83 18 81 1D 81 1C 83 23 81 1C 81 21 83 1C 81 21 81 1F 83 1A 81 1F 81 1D 83 1D 81 1D 81 18 83 18 81 1D 81 24 81 24 81 1F 81 24 81 1F 81 24 81 1F 81 1D 81 1F 83 1F 81 1A 81 1F 83 1F 83 18 83 1A 81 1F 81 18 83 1A 81 61 81 24 83 61 8B 61 8F",    
    
    # Channel 4 (empty)
    "",

    # Channel 5 (empty)
    "",

    # Channel 6 (Drums)
    "11 81 11 81 09 81 09 81 11 81 11 81 09 81 01 81 11 81 11 81 09 81 09 81 11 81 11 81 09 81 01 81 11 81 11 81 09 81 09 81 11 81 11 81 09 81 01 81 11 81 11 81 09 81 09 81 11 81 11 81 09 81 01 81 11 81 11 81 09 81 09 81 11 81 11 81 09 81 01 81 11 81 11 81 09 81 09 81 11 81 11 81 09 81 01 81 11 81 11 81 09 81 09 81 11 81 11 81 09 81 01 81 18 83 20 8B 11 81 01 81 11 81 01 81 11 81 01 81 11 81 01 81 11 81 01 81 11 81 01 81 11 81 01 81 11 81 01 81 11 81 01 81 11 81 01 81 11 81 01 81 11 81 01 81 11 81 01 81 11 81 01 81 11 81 01 81 11 81 01 81 11 81 01 81 11 81 01 81 11 81 01 81 11 81 01 81 11 81 01 81 11 81 01 81 11 81 01 81 11 81 01 81 11 81 01 81 11 81 01 81 11 81 01 81 11 81 01 81 11 81 11 81 09 81 09 81 18 81 18 18 08 81 08 81 18 85 18 85 18 83 20 81 18 83 18 81 18 81 18 81 18 83 20 81 18 83 18 81 18 81 18 81 18 83 20 81 18 83 18 81 18 81 18 81 18 83 12 81 02 02 12 81 02 02 12 81 02 02 12 81 02 02 12 81 02 02 12 81 02 02 12 81 02 02 12 81 02 02 18 83 20 8B 11 81 11 81 09 81 09 81 11 81 11 81 09 81 01 81 11 81 11 81 09 81 09 81 11 81 11 81 09 81 01 81 11 81 11 81 09 81 09 81 11 81 11 81 09 81 01 81 11 81 11 81 09 81 09 81 11 81 11 81 09 81 01 81 11 81 11 81 09 81 09 81 11 81 11 81 09 81 01 81 11 81 11 81 09 81 09 81 11 81 11 81 09 81 01 81 11 81 11 81 09 81 09 81 11 81 11 81 09 81 01 81 18 83 20 8B 20 8F",    
