   # Channel 0
    "70 27 02 37 85 39 81 3C 85 39 81 39 81 37 81 34 81 32 81 34 87 61 81 37 81 3C 81 39 81 37 81 39 81 34 81 30 81 32 8F 39 85 39 81 37 83 2D 81 32 81 30 8F 70 15 01 2B 81 2D 81 30 81 2F 81 2D 85 2B 81 2D 81 30 81 34 81 32 81 30 87 34 81 37 81 3C 81 39 81 37 81 39 81 34 81 30 81 32 8B 34 81 37 81 39 85 3C 81 39 83 37 81 34 81 32 85 30 81 2D 81 30 81 2D 83 61 81 2D 81 34 81 32 81 37 81 34 81 32 81 2D 81 2B 8F 2B 81 2D 81 30 81 2F 81 2D 85 2B 81 2D 81 30 81 34 81 32 81 30 87 34 81 37 81 3C 81 39 81 37 81 39 81 34 81 30 81 32 8B 34 81 37 81 39 85 3C 81 39 83 37 81 34 81 32 85 30 81 2D 81 30 81 2D 83 61 81 34 81 39 81 37 81 37 81 2B 81 2D 81 32 81 30 8F 32 85 34 81 34 81 32 81 30 83 2D 81 32 81 32 81 30 81 2D 87 61 81 34 81 3C 81 39 81 39 81 37 81 39 81 37 81 34 8F 34 85 39 81 39 81 37 81 34 83 32 81 37 81 37 81 32 81 30 87 61 81 2D 81 34 81 32 81 37 81 34 81 32 81 2D 81 2B 8F 2B 81 2D 81 30 81 2F 81 2D 85 2B 81 2D 81 30 81 34 81 32 81 30 87 34 81 37 81 3C 81 39 81 37 81 39 81 34 81 30 81 32 8B 34 81 37 81 39 85 3C 81 39 83 37 81 34 81 32 85 30 81 2D 81 30 81 2D 83 61 81 34 81 39 81 37 81 37 81 2B 81 2D 81 32 81 30 8F 2B 81 2D 81 30 81 2F 81 2D 85 2B 81 2D 81 30 81 34 81 32 81 30 87 34 81 37 81 3C 81 39 81 37 81 39 81 34 81 30 81 32 8B 34 81 37 81 39 85 3C 81 39 83 37 81 34 81 32 85 30 81 2D 81 30 81 2D 83 61 81 34 81 39 81 37 81 37 81 2B 81 2D 81 32 81 30 8F 61 9F 63",
   # Channel 1
    "70 27 02 37 85 39 81 3C 85 39 81 39 81 37 81 34 81 32 81 34 87 61 81 37 81 3C 81 39 81 37 81 39 81 34 81 30 81 32 8F 39 85 39 81 37 83 2D 81 32 81 30 8F 70 15 01 2B 81 2D 81 30 81 2F 81 2D 85 2B 81 2D 81 30 81 34 81 32 81 30 87 34 81 37 81 3C 81 39 81 37 81 39 81 34 81 30 81 32 8B 34 81 37 81 39 85 3C 81 39 83 37 81 34 81 32 85 30 81 2D 81 30 81 2D 83 61 81 2D 81 34 81 32 81 37 81 34 81 32 81 2D 81 2B 8F 2B 81 2D 81 30 81 2F 81 2D 85 2B 81 2D 81 30 81 34 81 32 81 30 87 34 81 37 81 3C 81 39 81 37 81 39 81 34 81 30 81 32 8B 34 81 37 81 39 85 3C 81 39 83 37 81 34 81 32 85 30 81 2D 81 30 81 2D 83 61 81 34 81 39 81 37 81 37 81 2B 81 2D 81 32 81 30 8F 32 85 34 81 34 81 32 81 30 83 2D 81 32 81 32 81 30 81 2D 87 61 81 34 81 3C 81 39 81 39 81 37 81 39 81 37 81 34 8F 34 85 39 81 39 81 37 81 34 83 32 81 37 81 37 81 32 81 30 87 61 81 2D 81 34 81 32 81 37 81 34 81 32 81 2D 81 2B 8F 2B 81 2D 81 30 81 2F 81 2D 85 2B 81 2D 81 30 81 34 81 32 81 30 87 34 81 37 81 3C 81 39 81 37 81 39 81 34 81 30 81 32 8B 34 81 37 81 39 85 3C 81 39 83 37 81 34 81 32 85 30 81 2D 81 30 81 2D 83 61 81 34 81 39 81 37 81 37 81 2B 81 2D 81 32 81 30 8F 2B 81 2D 81 30 81 2F 81 2D 85 2B 81 2D 81 30 81 34 81 32 81 30 87 34 81 37 81 3C 81 39 81 37 81 39 81 34 81 30 81 32 8B 34 81 37 81 39 85 3C 81 39 83 37 81 34 81 32 85 30 81 2D 81 30 81 2D 83 61 81 34 81 39 81 37 81 37 81 2B 81 2D 81 32 81 30 8F 61 9F 63",


   # Channel 2
   "61 8F 61 8F 61 8F 61 83 3C 81 39 81 37 81 39 37 34 81 37 81 61 8F 3C 87 39 83 37 81 34 81 61 8F 61 87 30 2B 2D 30 30 2D 30 32 34 83 61 8B 61 83 3E 3C 3E 3C 39 37 39 37 34 32 34 32 61 8F 61 8F 61 8F 61 81 3B 83 39 81 37 81 39 37 34 81 32 81 61 8F 61 87 30 2B 2D 30 30 2D 30 32 34 83 61 8B 61 83 3E 3C 3E 3C 39 37 39 37 34 32 34 32 61 8F 61 8F 61 8F 61 81 39 37 39 81 37 81 34 37 34 30 2D 81 2B 81 61 8F 61 8F 61 8F 61 81 30 81 34 81 39 81 37 81 39 81 37 81 34 81 61 85 39 89 61 87 3C 81 3B 81 39 81 37 81 39 83 61 8B 61 81 39 81 37 81 34 81 32 81 30 81 2D 81 2B 81 61 8F 61 87 61 81 2B 2D 30 81 32 34 61 8F 61 87 30 2B 2D 30 30 2D 30 32 34 83 61 8B 61 83 3E 3C 3E 3C 39 37 39 37 34 32 34 32 61 8F 61 8F 61 8F 61 81 32 81 37 81 34 81 32 81 30 81 2D 81 2B 81 61 8F 61 8F 61 8F 61 8F 61 8F 61 8F 61 8F 61 8F 61 9F 61 8F",


   
   # Channel 3 (empty)
    "61 8F 61 8F 61 8F 61 83 3C 81 39 81 37 81 39 37 34 81 37 81 61 8F 3C 87 39 83 37 81 34 81 61 8F 61 87 30 2B 2D 30 30 2D 30 32 34 83 61 8B 61 83 3E 3C 3E 3C 39 37 39 37 34 32 34 32 61 8F 61 8F 61 8F 61 81 3B 83 39 81 37 81 39 37 34 81 32 81 61 8F 61 87 30 2B 2D 30 30 2D 30 32 34 83 61 8B 61 83 3E 3C 3E 3C 39 37 39 37 34 32 34 32 61 8F 61 8F 61 8F 61 81 39 37 39 81 37 81 34 37 34 30 2D 81 2B 81 61 8F 61 8F 61 8F 61 81 30 81 34 81 39 81 37 81 39 81 37 81 34 81 61 85 39 89 61 87 3C 81 3B 81 39 81 37 81 39 83 61 8B 61 81 39 81 37 81 34 81 32 81 30 81 2D 81 2B 81 61 8F 61 87 61 81 2B 2D 30 81 32 34 61 8F 61 87 30 2B 2D 30 30 2D 30 32 34 83 61 8B 61 83 3E 3C 3E 3C 39 37 39 37 34 32 34 32 61 8F 61 8F 61 8F 61 81 32 81 37 81 34 81 32 81 30 81 2D 81 2B 81 61 8F 61 8F 61 8F 61 8F 61 8F 61 8F 61 8F 61 8F 61 9F 61 8F",
    
   # Channel 4 (empty)
    "24 83 61 81 2B 81 21 83 61 81 28 81 1D 83 1F 83 24 83 61 81 2B 81 24 83 61 81 2B 81 21 83 61 81 28 81 26 83 61 81 2D 81 1F 83 61 81 26 81 1D 83 61 81 23 81 1F 83 61 81 26 81 24 83 61 81 2B 81 24 83 61 81 2B 81 24 83 61 81 2B 81 21 83 61 81 28 81 1D 83 1F 83 24 83 61 81 2B 81 24 83 61 81 2B 81 21 83 61 81 28 81 26 83 61 81 2D 81 1F 83 61 81 26 81 21 83 61 81 28 81 21 83 61 81 28 81 26 83 61 81 2D 81 1D 83 61 81 23 81 24 83 2B 83 28 83 61 81 2B 81 1F 83 61 81 26 81 1F 83 61 81 26 81 24 83 61 81 2B 81 21 83 61 81 28 81 1D 83 1F 83 24 83 61 81 2B 81 24 83 61 81 2B 81 21 83 61 81 28 81 26 83 61 81 2D 81 1F 83 61 81 26 81 21 83 61 81 28 81 21 83 61 81 28 81 26 83 61 81 2D 81 1D 83 61 81 23 81 24 83 61 81 2B 81 1F 83 61 81 26 81 24 83 61 81 2B 81 24 83 61 81 2B 81 1F 83 61 81 26 81 24 83 61 81 2B 81 21 83 61 81 28 81 21 83 61 81 28 81 1D 83 61 81 1F 81 1F 83 61 81 26 81 24 83 61 81 2B 81 24 83 61 81 2B 81 24 83 61 81 2B 81 21 83 61 81 28 81 1F 83 61 81 26 81 24 83 61 81 2B 81 1D 83 61 81 1F 81 28 83 26 83 1F 83 61 81 26 81 1F 83 61 81 26 81 24 83 61 81 2B 81 21 83 61 81 28 81 1D 83 1F 83 24 83 61 81 2B 81 24 83 61 81 2B 81 21 83 61 81 28 81 26 83 61 81 2D 81 1F 83 61 81 26 81 21 83 61 81 28 81 21 83 61 81 28 81 26 83 61 81 2D 81 1D 83 61 81 23 81 24 83 61 81 2B 81 21 83 61 81 28 81 1D 83 1F 83 24 83 61 81 2B 81 24 83 61 81 2B 81 21 83 61 81 28 81 26 83 61 81 2D 81 1F 83 61 81 26 81 21 83 61 81 28 81 21 83 61 81 28 81 26 83 61 81 2D 81 1D 83 1D 83 24 83 61 81 2B 81 1F 83 61 81 26 81 24 83 61 81 2B 81 24 83 61 81 2B 81 24 83 61 81 2B 81 24 83 61 81 2B 81 24 83 61 81 2B 81 24 83 61 81 2B 81 61 9F 61 8F",

   # Channel 5 (empty)
    "24 83 61 81 2B 81 21 83 61 81 28 81 1D 83 1F 83 24 83 61 81 2B 81 24 83 61 81 2B 81 21 83 61 81 28 81 26 83 61 81 2D 81 1F 83 61 81 26 81 1D 83 61 81 23 81 1F 83 61 81 26 81 24 83 61 81 2B 81 24 83 61 81 2B 81 24 83 61 81 2B 81 21 83 61 81 28 81 1D 83 1F 83 24 83 61 81 2B 81 24 83 61 81 2B 81 21 83 61 81 28 81 26 83 61 81 2D 81 1F 83 61 81 26 81 21 83 61 81 28 81 21 83 61 81 28 81 26 83 61 81 2D 81 1D 83 61 81 23 81 24 83 2B 83 28 83 61 81 2B 81 1F 83 61 81 26 81 1F 83 61 81 26 81 24 83 61 81 2B 81 21 83 61 81 28 81 1D 83 1F 83 24 83 61 81 2B 81 24 83 61 81 2B 81 21 83 61 81 28 81 26 83 61 81 2D 81 1F 83 61 81 26 81 21 83 61 81 28 81 21 83 61 81 28 81 26 83 61 81 2D 81 1D 83 61 81 23 81 24 83 61 81 2B 81 1F 83 61 81 26 81 24 83 61 81 2B 81 24 83 61 81 2B 81 1F 83 61 81 26 81 24 83 61 81 2B 81 21 83 61 81 28 81 21 83 61 81 28 81 1D 83 61 81 1F 81 1F 83 61 81 26 81 24 83 61 81 2B 81 24 83 61 81 2B 81 24 83 61 81 2B 81 21 83 61 81 28 81 1F 83 61 81 26 81 24 83 61 81 2B 81 1D 83 61 81 1F 81 28 83 26 83 1F 83 61 81 26 81 1F 83 61 81 26 81 24 83 61 81 2B 81 21 83 61 81 28 81 1D 83 1F 83 24 83 61 81 2B 81 24 83 61 81 2B 81 21 83 61 81 28 81 26 83 61 81 2D 81 1F 83 61 81 26 81 21 83 61 81 28 81 21 83 61 81 28 81 26 83 61 81 2D 81 1D 83 61 81 23 81 24 83 61 81 2B 81 21 83 61 81 28 81 1D 83 1F 83 24 83 61 81 2B 81 24 83 61 81 2B 81 21 83 61 81 28 81 26 83 61 81 2D 81 1F 83 61 81 26 81 21 83 61 81 28 81 21 83 61 81 28 81 26 83 61 81 2D 81 1D 83 1D 83 24 83 61 81 2B 81 1F 83 61 81 26 81 24 83 61 81 2B 81 24 83 61 81 2B 81 24 83 61 81 2B 81 24 83 61 81 2B 81 24 83 61 81 2B 81 24 83 61 81 2B 81 61 9F 61 8F",


   # Channel 6 (Drums) reduced to 48 Loop drums
   "11 81 11 81 09 81 01 81 11 81 11 81 09 81 01 81 11 81 11 81 09 81 01 81 11 81 11 81 09 81 01 81 11 81 11 81 09 81 01 81 11 81 11 81 09 81 01 81 11 81 11 81 09 81 01 81 11 81 11 81 09 81 01 81 11 81 11 81 09 81 01 81 11 81 11 81 09 81 01 81 11 81 11 81 09 81 01 81 11 81 11 81 09 81 01 81 11 81 11 81 09 81 01 81 11 81 11 81 09 81 01 81 11 81 11 81 09 81 01 81 11 81 11 81 09 81 01 81 11 81 11 81 09 81 01 81 11 81 11 81 09 81 01 81 11 81 11 81 09 81 01 81 11 81 11 81 09 81 01 81 11 81 11 81 09 81 01 81 11 81 11 81 09 81 01 81 11 81 11 81 09 81 01 81 11 81 11 81 09 81 01 81 11 81 11 81 09 81 01 81 11 81 11 81 09 81 01 81 11 81 11 81 09 81 01 81 11 81 11 81 09 81 01 81 11 81 11 81 09 81 01 81 11 81 11 81 09 81 01 81 11 81 11 81 09 81 01 81 11 81 11 81 09 81 01 81 11 81 11 81 09 81 01 81 11 81 11 81 09 81 01 81 11 81 11 81 09 81 01 81 11 81 11 81 09 81 01 81 11 81 11 81 09 81 01 81 11 81 11 81 09 81 01 81 11 81 11 81 09 81 01 81 11 81 11 81 09 81 01 81 11 81 11 81 09 81 01 81 11 81 11 81 09 81 01 81 11 81 11 81 09 81 01 81 11 81 11 81 09 81 01 81 11 81 11 81 09 81 01 81 11 81 11 81 09 81 01 81 11 81 11 81 09 81 01 81 11 81 11 81 09 81 01 81 11 81 11 81 09 81 01 81 11 81 11 81 09 81 01 81 11 81 11 81 09 81 01 81 11 81 11 81 09 81 01 81 11 81 11 81 09 81 01 81 11 81 11 81 09 81 01 81 11 81 11 81 09 81 01 81 11 81 11 81 09 81 01 81 11 81 11 81 09 81 01 81 11 81 11 81 09 81 01 81 11 81 11 81 09 81 01 81 11 81 11 81 09 81 01 81 11 81 11 81 09 81 01 81 11 81 11 81 09 81 01 81 11 81 11 81 09 81 01 81 11 81 11 81 09 81 01 81 11 81 11 81 09 81 01 81 11 81 11 81 09 81 01 81 11 81 11 81 09 81 01 81 11 81 11 81 09 81 01 81 11 81 11 81 09 81 01 81 11 81 11 81 09 81 01 81 11 81 11 81 09 81 01 81 11 81 11 81 09 81 01 81 11 81 11 81 09 81 01 81 11 81 11 81 09 81 01 81 11 81 11 81 09 81 01 81 11 81 11 81 09 81 01 81 11 81 11 81 09 81 01 81 11 81 11 81 09 81 01 81 11 81 11 81 09 81 01 81 11 81 11 81 09 81 01 81 11 81 11 81 09 81 01 81 11 81 11 81 09 81 01 81 11 81 11 81 09 81 01 81 11 81 11 81 09 81 01 81 11 81 11 81 09 81 01 81 11 81 11 81 09 81 01 81 11 81 11 81 09 81 01 81 11 81 11 81 09 81 01 81 11 81 11 81 09 81 01 81 11 81 11 81 09 81 01 81 11 81 11 81 09 81 01 81 11 81 11 81 09 81 01 81 11 81 11 81 09 81 01 81 11 81 11 81 09 81 01 81 11 81 11 81 09 81 01 81 11 81 11 81 09 81 01 81 20 8F",
