hex_volume_input = [0x01, 0x02, 0x01, 0x0f, 0x0f, 0x0f, 0x00]

    # Channel 0
    "30 85 28 81 2D 85 2B 81 32 85 2B 81 2B 81 2B 81 2D 81 2F 81 30 85 28 81 2D 85 2B 81 32 81 2B 81 2D 81 2F 81 30 81 32 81 34 81 35 81 37 82 37 37 81 3C 81 37 87 37 83 61 82 39 37 82 35 34 81 35 81 37 82 37 37 81 3C 81 37 87 37 83 61 82 39 37 82 35 34 81 32 81 34 82 34 34 81 37 81 34 85 30 81 32 82 32 32 81 35 81 2F 83 32 83 30 81 3C 83 3E 81 3C 83 37 83 37 81 3E 83 3C 81 3B 83 3C 81 3E 81 37 82 37 37 81 3C 81 37 87 37 83 61 82 39 37 82 35 34 81 35 81 37 82 37 37 81 3C 81 37 87 37 83 61 82 39 37 82 35 34 81 32 81 34 82 34 34 81 37 81 34 85 30 81 32 82 32 32 81 35 81 2F 83 32 83 30 83 34 83 35 83 39 83 3C 81 3C 81 3A 81 3B 81 39 81 39 81 37 81 37 81 39 82 39 39 8B 3C 81 3E 83 3C 81 3B 83 3C 81 3E 81 37 8F 3C 81 3B 83 39 81 37 83 36 83 3B 8F 63",
    # Channel 1
    "30 85 28 81 2D 85 2B 81 32 85 2B 81 2B 81 2B 81 2D 81 2F 81 30 85 28 81 2D 85 2B 81 32 81 2B 81 2D 81 2F 81 30 81 32 81 34 81 35 81 37 82 37 37 81 3C 81 37 87 37 83 61 82 39 37 82 35 34 81 35 81 37 82 37 37 81 3C 81 37 87 37 83 61 82 39 37 82 35 34 81 32 81 34 82 34 34 81 37 81 34 85 30 81 32 82 32 32 81 35 81 2F 83 32 83 30 81 3C 83 3E 81 3C 83 37 83 37 81 3E 83 3C 81 3B 83 3C 81 3E 81 37 82 37 37 81 3C 81 37 87 37 83 61 82 39 37 82 35 34 81 35 81 37 82 37 37 81 3C 81 37 87 37 83 61 82 39 37 82 35 34 81 32 81 34 82 34 34 81 37 81 34 85 30 81 32 82 32 32 81 35 81 2F 83 32 83 30 83 34 83 35 83 39 83 3C 81 3C 81 3A 81 3B 81 39 81 39 81 37 81 37 81 39 82 39 39 8B 3C 81 3E 83 3C 81 3B 83 3C 81 3E 81 37 8F 3C 81 3B 83 39 81 37 83 36 83 3B 8F 63",

    # Channel 2
    "24 24 24 24 24 81 1C 81 21 21 21 21 21 81 1F 81 26 26 26 26 26 81 1F 81 1F 81 1F 81 21 81 23 81 24 24 24 24 24 81 1C 81 21 21 21 21 21 81 1F 81 26 26 26 26 26 81 1F 81 1F 81 1F 81 21 81 23 81 24 24 24 24 24 81 1C 81 21 21 21 21 21 81 1F 81 26 26 26 26 26 81 1F 81 1F 81 1F 81 21 81 23 81 24 24 24 24 24 81 23 81 21 21 21 21 21 81 1F 81 1D 1D 1D 1D 1D 81 1C 81 1F 81 1F 81 21 81 23 81 24 24 24 24 24 81 23 81 21 21 21 21 21 81 1F 81 26 26 26 26 26 81 1F 81 1F 81 1F 81 21 81 23 81 24 24 24 24 24 81 23 81 21 21 21 21 21 81 1F 81 1D 1D 1D 1D 1D 81 1D 81 1F 1F 1F 1F 1F 81 23 81 24 24 24 24 24 81 1C 81 21 21 21 21 21 81 1F 81 26 26 26 26 26 81 1F 81 1F 81 1F 81 21 81 23 81 24 24 24 24 24 81 23 81 21 21 21 21 21 81 1F 81 1D 1D 1D 1D 1D 81 1C 81 1F 81 1F 81 21 81 23 81 24 24 24 24 24 81 23 81 21 21 21 21 21 81 1F 81 26 26 26 26 26 81 1F 81 1F 81 1F 81 21 81 23 81 24 24 24 24 24 81 1F 81 1D 81 1D 81 1D 81 1D 81 30 81 30 81 2E 81 2F 81 2D 81 2D 81 2B 81 2B 81 29 81 29 81 2D 83 30 81 30 81 32 81 30 81 29 81 29 81 2D 83 2B 81 2B 81 26 81 26 81 24 81 24 81 28 83 2B 81 2B 81 2D 81 2B 81 24 81 24 81 23 81 23 81 21 81 21 81 1E 81 1F 81 1F 81 1F 85 23 81 26 81 26 81 28 81 26 81 61 8F",

    # Channel 3
    "24 24 24 24 24 81 1C 81 21 21 21 21 21 81 1F 81 26 26 26 26 26 81 1F 81 1F 81 1F 81 21 81 23 81 24 24 24 24 24 81 1C 81 21 21 21 21 21 81 1F 81 26 26 26 26 26 81 1F 81 1F 81 1F 81 21 81 23 81 24 24 24 24 24 81 1C 81 21 21 21 21 21 81 1F 81 26 26 26 26 26 81 1F 81 1F 81 1F 81 21 81 23 81 24 24 24 24 24 81 23 81 21 21 21 21 21 81 1F 81 1D 1D 1D 1D 1D 81 1C 81 1F 81 1F 81 21 81 23 81 24 24 24 24 24 81 23 81 21 21 21 21 21 81 1F 81 26 26 26 26 26 81 1F 81 1F 81 1F 81 21 81 23 81 24 24 24 24 24 81 23 81 21 21 21 21 21 81 1F 81 1D 1D 1D 1D 1D 81 1D 81 1F 1F 1F 1F 1F 81 23 81 24 24 24 24 24 81 1C 81 21 21 21 21 21 81 1F 81 26 26 26 26 26 81 1F 81 1F 81 1F 81 21 81 23 81 24 24 24 24 24 81 23 81 21 21 21 21 21 81 1F 81 1D 1D 1D 1D 1D 81 1C 81 1F 81 1F 81 21 81 23 81 24 24 24 24 24 81 23 81 21 21 21 21 21 81 1F 81 26 26 26 26 26 81 1F 81 1F 81 1F 81 21 81 23 81 24 24 24 24 24 81 1F 81 1D 81 1D 81 1D 81 1D 81 30 81 30 81 2E 81 2F 81 2D 81 2D 81 2B 81 2B 81 29 81 29 81 2D 83 30 81 30 81 32 81 30 81 29 81 29 81 2D 83 2B 81 2B 81 26 81 26 81 24 81 24 81 28 83 2B 81 2B 81 2D 81 2B 81 24 81 24 81 23 81 23 81 21 81 21 81 1E 81 1F 81 1F 81 1F 85 23 81 26 81 26 81 28 81 26 81 61 8F",

    # Channel 4 (empty)
    "",

    # Channel 5 (empty)
    "",

    # Channel 6 (Drums)
    "11 81 01 81 09 81 19 81 01 81 11 81 08 08 08 08 11 81 01 81 09 81 11 81 01 81 11 81 09 81 01 81 11 81 01 81 09 81 11 81 01 81 11 81 09 81 01 81 11 81 01 81 09 81 11 81 01 81 11 81 09 81 01 81 11 81 01 81 09 81 11 81 01 81 11 81 09 81 01 81 11 81 01 81 09 81 11 81 01 81 11 81 09 81 01 81 11 81 01 81 09 81 11 81 01 81 11 81 09 81 01 81 11 81 01 81 09 81 11 81 01 81 11 81 09 81 01 81 11 81 01 81 09 81 11 81 01 81 11 81 09 81 01 81 11 81 01 81 09 81 11 81 01 81 11 81 09 81 01 81 11 81 01 81 09 81 11 81 01 81 11 81 09 81 01 81 11 81 01 81 09 81 11 81 01 81 11 81 09 81 01 81 11 81 01 81 09 81 11 81 01 81 11 81 09 81 01 81 11 81 01 81 09 81 11 81 01 81 11 81 09 81 01 81 11 81 01 81 09 81 11 81 01 81 11 81 09 81 01 81 11 81 01 81 09 81 11 81 01 81 11 81 09 81 01 81 11 81 01 81 09 81 11 81 01 81 11 81 09 81 01 81 11 81 01 81 09 81 11 81 01 81 11 81 09 81 01 81 11 81 01 81 09 81 11 81 01 81 11 81 09 81 01 81 18 08 08 18 18 08 08 18 18 08 08 18 18 08 08 18 11 81 11 81 09 81 19 81 11 81 11 81 09 81 11 81 11 81 11 81 09 81 19 81 11 81 11 81 09 81 11 81 11 81 11 81 09 81 19 81 11 81 11 81 09 81 11 81 11 81 11 81 09 81 19 81 11 81 11 81 09 81 11 81 11 81 11 81 09 81 19 81 11 81 11 81 09 81 11 81 20 8F",   
