1E 01 
1E 01 
07 01 
07 01 
0E 01 
0E 01 


[0x01, 0x01, 0x01, 0x01, 0x01, 0x01, 0x00]













   # Channel 0
    "2D 81 61 81 2D 81 30 81 39 81 37 81 34 32 30 81 34 81 37 8D 61 81 39 81 39 81 3C 81 39 81 37 81 34 32 30 81 34 81 32 81 2D 8B 61 81 34 81 34 81 37 81 34 81 32 81 32 81 30 81 34 81 37 89 32 81 34 81 32 83 30 81 34 81 32 81 30 81 2D 81 30 81 30 8F 2D 81 61 81 2D 81 30 81 39 81 37 81 34 32 30 81 34 81 37 8D 61 81 39 81 39 81 3C 81 39 81 37 81 34 32 30 81 34 81 32 81 2D 8B 61 81 34 81 34 81 37 81 34 81 32 81 32 81 30 81 34 81 37 89 32 81 34 81 32 83 30 81 34 81 32 81 30 81 2D 81 30 81 30 8F 61 81 30 81 30 81 30 81 32 34 37 81 37 81 34 81 39 81 3C 8D 61 81 39 81 39 81 37 81 39 81 37 81 37 81 34 81 37 81 32 34 8C 61 83 34 81 37 81 39 81 37 81 37 81 37 81 37 81 32 34 82 32 89 61 83 36 81 35 81 35 81 35 81 37 81 39 81 39 3B 37 8D 61 83 39 81 3C 81 39 81 37 81 34 81 32 81 34 81 37 8D 61 81 39 81 39 81 3C 81 39 81 37 81 34 32 30 81 34 32 2D 8D 61 81 34 81 34 81 37 81 34 81 32 81 32 81 30 81 34 81 37 89 32 81 34 81 32 83 30 81 34 81 32 81 30 81 2D 81 30 81 30 8F 63 ",
   # Channel 1
    "2D 81 61 81 2D 81 30 81 39 81 37 81 34 32 30 81 34 81 37 8D 61 81 39 81 39 81 3C 81 39 81 37 81 34 32 30 81 34 81 32 81 2D 8B 61 81 34 81 34 81 37 81 34 81 32 81 32 81 30 81 34 81 37 89 32 81 34 81 32 83 30 81 34 81 32 81 30 81 2D 81 30 81 30 8F 2D 81 61 81 2D 81 30 81 39 81 37 81 34 32 30 81 34 81 37 8D 61 81 39 81 39 81 3C 81 39 81 37 81 34 32 30 81 34 81 32 81 2D 8B 61 81 34 81 34 81 37 81 34 81 32 81 32 81 30 81 34 81 37 89 32 81 34 81 32 83 30 81 34 81 32 81 30 81 2D 81 30 81 30 8F 61 81 30 81 30 81 30 81 32 34 37 81 37 81 34 81 39 81 3C 8D 61 81 39 81 39 81 37 81 39 81 37 81 37 81 34 81 37 81 32 34 8C 61 83 34 81 37 81 39 81 37 81 37 81 37 81 37 81 32 34 82 32 89 61 83 36 81 35 81 35 81 35 81 37 81 39 81 39 3B 37 8D 61 83 39 81 3C 81 39 81 37 81 34 81 32 81 34 81 37 8D 61 81 39 81 39 81 3C 81 39 81 37 81 34 32 30 81 34 32 2D 8D 61 81 34 81 34 81 37 81 34 81 32 81 32 81 30 81 34 81 37 89 32 81 34 81 32 83 30 81 34 81 32 81 30 81 2D 81 30 81 30 8F 63 ",
   # Channel 2
    "61 8F 34 81 37 81 3C 81 3E 85 3C 83 61 8F 34 81 39 81 3C 81 3E 85 3C 83 61 8F 2B 81 2F 81 32 81 39 85 37 83 35 81 34 81 32 81 34 81 32 87 30 8F 61 8F 34 81 37 81 3C 81 3E 85 3C 83 61 8F 34 81 39 81 3C 81 3E 85 3C 83 61 8F 2B 81 2F 81 32 81 39 85 37 83 35 81 34 81 32 81 34 81 32 87 61 8F 61 8F 61 83 35 81 37 85 35 83 35 83 61 8B 61 83 3C 81 3E 85 3C 83 3C 83 61 8B 61 83 32 81 37 85 36 83 35 83 61 87 61 8F 61 8F 34 81 37 81 3C 81 3E 85 3C 83 61 8F 34 81 39 81 3C 81 3E 85 3C 83 61 8F 2B 81 2F 81 32 81 39 85 37 83 35 81 34 81 32 81 34 81 32 87 34 81 37 81 3C 81 3E 85 3C 83 61 8F",
   
   # Channel 3
    "61 8F 34 81 37 81 3C 81 3E 85 3C 83 61 8F 34 81 39 81 3C 81 3E 85 3C 83 61 8F 2B 81 2F 81 32 81 39 85 37 83 35 81 34 81 32 81 34 81 32 87 30 8F 61 8F 34 81 37 81 3C 81 3E 85 3C 83 61 8F 34 81 39 81 3C 81 3E 85 3C 83 61 8F 2B 81 2F 81 32 81 39 85 37 83 35 81 34 81 32 81 34 81 32 87 61 8F 61 8F 61 83 35 81 37 85 35 83 35 83 61 8B 61 83 3C 81 3E 85 3C 83 3C 83 61 8B 61 83 32 81 37 85 36 83 35 83 61 87 61 8F 61 8F 34 81 37 81 3C 81 3E 85 3C 83 61 8F 34 81 39 81 3C 81 3E 85 3C 83 61 8F 2B 81 2F 81 32 81 39 85 37 83 35 81 34 81 32 81 34 81 32 87 34 81 37 81 3C 81 3E 85 3C 83 61 8F",
    
   # Channel 4 (empty)
    "2D 81 2D 81 2D 81 61 89 24 81 24 81 30 81 2B 81 24 81 24 81 30 81 2B 81 24 81 24 81 30 81 2B 81 24 81 24 81 30 81 2B 81 21 81 21 81 21 81 1C 81 21 81 21 81 21 81 1C 81 21 81 21 81 21 81 1C 81 21 81 21 81 61 81 1C 81 28 81 28 81 34 81 2F 81 28 81 28 81 34 81 2F 81 26 81 26 81 32 2D 26 81 26 81 21 81 21 81 23 81 24 81 24 81 30 81 2B 81 24 81 24 81 30 81 2B 81 2D 81 2D 81 2D 81 61 89 24 81 24 81 30 81 2B 81 24 81 24 81 30 81 2B 81 24 81 24 81 30 81 2B 81 24 81 24 81 30 81 2B 81 21 81 21 81 21 81 1C 81 21 81 21 81 21 81 1C 81 21 81 21 81 21 81 1C 81 21 81 21 81 61 81 1C 81 28 81 28 81 34 81 2F 81 28 81 28 81 34 81 2F 81 26 81 26 81 32 2D 26 81 26 81 21 81 21 81 23 81 24 81 24 81 30 81 2B 81 24 81 24 81 30 81 2B 81 24 81 24 81 30 81 2B 81 24 81 24 81 30 81 2B 81 29 81 29 81 35 81 24 81 29 81 29 81 35 81 30 81 29 81 29 81 35 81 24 81 29 81 29 81 2B 2D 30 81 24 81 24 81 30 81 2B 81 24 81 24 81 30 81 2B 81 24 81 24 81 30 81 30 81 24 81 24 81 26 28 2B 2D 26 81 26 81 32 81 2D 81 26 81 26 81 32 81 2D 81 26 81 26 81 32 81 2D 81 26 81 26 81 2D 81 26 81 2B 87 29 87 28 85 29 89 24 81 24 81 30 81 2B 81 24 81 24 81 30 81 2B 81 24 81 24 81 30 81 2B 81 24 81 24 81 26 28 2B 81 21 81 21 81 2D 81 28 81 21 81 21 81 2D 81 28 81 21 81 21 81 2D 81 28 81 21 81 21 81 2D 81 28 81 28 81 28 81 34 81 2F 81 28 81 28 81 34 81 2F 81 26 81 26 81 26 81 2D 81 26 81 21 81 26 28 2B 2D 24 81 24 81 30 81 2B 81 24 81 24 81 30 81 2B 81 61 8F",

   # Channel 5 (empty)
    "2D 81 2D 81 2D 81 61 89 24 81 24 81 30 81 2B 81 24 81 24 81 30 81 2B 81 24 81 24 81 30 81 2B 81 24 81 24 81 30 81 2B 81 21 81 21 81 21 81 1C 81 21 81 21 81 21 81 1C 81 21 81 21 81 21 81 1C 81 21 81 21 81 61 81 1C 81 28 81 28 81 34 81 2F 81 28 81 28 81 34 81 2F 81 26 81 26 81 32 2D 26 81 26 81 21 81 21 81 23 81 24 81 24 81 30 81 2B 81 24 81 24 81 30 81 2B 81 2D 81 2D 81 2D 81 61 89 24 81 24 81 30 81 2B 81 24 81 24 81 30 81 2B 81 24 81 24 81 30 81 2B 81 24 81 24 81 30 81 2B 81 21 81 21 81 21 81 1C 81 21 81 21 81 21 81 1C 81 21 81 21 81 21 81 1C 81 21 81 21 81 61 81 1C 81 28 81 28 81 34 81 2F 81 28 81 28 81 34 81 2F 81 26 81 26 81 32 2D 26 81 26 81 21 81 21 81 23 81 24 81 24 81 30 81 2B 81 24 81 24 81 30 81 2B 81 24 81 24 81 30 81 2B 81 24 81 24 81 30 81 2B 81 29 81 29 81 35 81 24 81 29 81 29 81 35 81 30 81 29 81 29 81 35 81 24 81 29 81 29 81 2B 2D 30 81 24 81 24 81 30 81 2B 81 24 81 24 81 30 81 2B 81 24 81 24 81 30 81 30 81 24 81 24 81 26 28 2B 2D 26 81 26 81 32 81 2D 81 26 81 26 81 32 81 2D 81 26 81 26 81 32 81 2D 81 26 81 26 81 2D 81 26 81 2B 87 29 87 28 85 29 89 24 81 24 81 30 81 2B 81 24 81 24 81 30 81 2B 81 24 81 24 81 30 81 2B 81 24 81 24 81 26 28 2B 81 21 81 21 81 2D 81 28 81 21 81 21 81 2D 81 28 81 21 81 21 81 2D 81 28 81 21 81 21 81 2D 81 28 81 28 81 28 81 34 81 2F 81 28 81 28 81 34 81 2F 81 26 81 26 81 26 81 2D 81 26 81 21 81 26 28 2B 2D 24 81 24 81 30 81 2B 81 24 81 24 81 30 81 2B 81 61 8F",

   # Channel 6 (Drums)
    "15 81 05 81 19 81 05 81 15 81 05 81 19 81 05 81 15 81 05 81 19 81 05 81 15 81 05 81 19 81 05 81 15 81 05 81 19 81 05 81 15 81 05 81 19 81 05 81 15 81 05 81 19 81 05 81 15 81 05 81 19 81 05 81 15 81 05 81 19 81 05 81 15 81 05 81 19 81 05 81 15 81 05 81 19 81 05 81 15 81 05 81 19 81 05 81 15 81 05 81 19 81 05 81 15 81 05 81 19 81 05 81 15 81 05 81 19 81 05 81 15 81 05 81 19 81 05 81 15 81 05 81 19 81 05 81 15 81 05 81 19 81 05 81 15 81 05 81 19 81 05 81 15 81 05 81 19 81 05 81 15 81 05 81 19 81 05 81 15 81 05 81 19 81 05 81 15 81 05 81 19 81 05 81 15 81 05 81 19 81 05 81 15 81 05 81 19 81 05 81 15 81 05 81 19 81 05 81 15 81 05 81 19 81 05 81 15 81 05 81 19 81 05 81 15 81 05 81 19 81 05 81 15 81 05 81 19 81 05 81 15 81 05 81 19 81 05 81 15 81 05 81 19 81 05 81 15 81 05 81 19 81 05 81 15 81 05 81 19 81 05 81 15 81 05 81 19 81 05 81 15 81 05 81 19 81 05 81 15 81 05 81 19 81 05 81 15 81 05 81 19 81 05 81 15 81 05 81 19 81 05 81 15 81 05 81 19 81 05 81 15 81 05 81 19 81 05 81 15 81 05 81 19 81 05 81 15 81 05 81 19 81 05 81 15 81 05 81 19 81 05 81 15 81 05 81 19 81 05 81 15 81 05 81 19 81 05 81 15 81 05 81 19 81 05 81 15 81 05 81 19 81 05 81 15 81 05 81 19 81 05 81 15 81 05 81 19 81 05 81 15 81 05 81 19 81 05 81 15 81 05 81 19 81 05 81 15 81 05 81 19 81 05 81 15 81 05 81 19 81 05 81 15 81 05 81 19 81 05 81 15 81 05 81 19 81 05 81 15 81 05 81 19 81 05 81 15 81 05 81 19 81 05 81 15 81 05 81 19 81 05 81 15 81 05 81 19 81 05 81 15 81 05 81 19 81 05 81 15 81 05 81 19 81 05 81 15 81 05 81 19 81 05 81 15 81 05 81 19 81 05 81 20 8F ",
