   # Channel 0
    "3C 81 37 81 3C 81 40 81 3C 81 40 81 43 81 3C 81 48 81 47 81 45 81 43 81 43 83 61 83 43 81 41 81 3E 81 3B 81 37 81 3B 81 3E 81 41 81 40 81 3C 81 45 81 43 81 43 83 61 81 3C 81 3C 81 37 81 3C 81 40 81 3C 81 40 81 43 81 3C 81 48 81 47 81 45 81 43 81 43 83 61 83 43 81 41 81 3E 81 3B 81 37 81 3B 81 3E 81 3B 81 3C 81 37 81 40 81 3C 81 3C 83 61 81 3C 81 3C 81 37 81 3C 81 40 81 3C 81 40 81 43 81 3C 81 48 81 47 81 45 81 43 81 43 83 61 83 43 81 41 81 3E 81 3B 81 37 81 3B 81 3E 81 41 81 40 81 3C 81 45 81 43 81 43 83 61 81 3C 81 3C 81 37 81 3C 81 40 81 3C 81 40 81 43 81 3C 81 48 81 47 81 45 81 43 81 43 83 61 83 43 81 41 81 3E 81 3B 81 37 81 3B 81 3E 81 3B 81 3C 81 37 81 40 81 3C 81 3C 81 3C 81 3C 81 3C 81 48 81 45 81 41 81 3C 81 39 81 3C 81 41 81 45 81 43 81 3C 81 45 81 43 81 43 83 61 83 43 81 41 81 3E 81 3B 81 37 81 3B 81 3E 81 41 81 40 81 3C 81 45 81 43 81 43 81 40 81 40 81 40 81 48 81 45 81 41 81 3C 81 39 81 3C 81 41 81 45 81 43 81 3C 81 45 81 43 81 43 81 3C 81 3C 81 3C 81 43 81 41 81 3E 81 3B 81 37 81 3B 81 3E 81 3B 81 3C 81 37 81 40 81 3C 81 3C 83 61 83 63",
   # Channel 1
    "3C 81 37 81 3C 81 40 81 3C 81 40 81 43 81 3C 81 48 81 47 81 45 81 43 81 43 83 61 83 43 81 41 81 3E 81 3B 81 37 81 3B 81 3E 81 41 81 40 81 3C 81 45 81 43 81 43 83 61 81 3C 81 3C 81 37 81 3C 81 40 81 3C 81 40 81 43 81 3C 81 48 81 47 81 45 81 43 81 43 83 61 83 43 81 41 81 3E 81 3B 81 37 81 3B 81 3E 81 3B 81 3C 81 37 81 40 81 3C 81 3C 83 61 81 3C 81 3C 81 37 81 3C 81 40 81 3C 81 40 81 43 81 3C 81 48 81 47 81 45 81 43 81 43 83 61 83 43 81 41 81 3E 81 3B 81 37 81 3B 81 3E 81 41 81 40 81 3C 81 45 81 43 81 43 83 61 81 3C 81 3C 81 37 81 3C 81 40 81 3C 81 40 81 43 81 3C 81 48 81 47 81 45 81 43 81 43 83 61 83 43 81 41 81 3E 81 3B 81 37 81 3B 81 3E 81 3B 81 3C 81 37 81 40 81 3C 81 3C 81 3C 81 3C 81 3C 81 48 81 45 81 41 81 3C 81 39 81 3C 81 41 81 45 81 43 81 3C 81 45 81 43 81 43 83 61 83 43 81 41 81 3E 81 3B 81 37 81 3B 81 3E 81 41 81 40 81 3C 81 45 81 43 81 43 81 40 81 40 81 40 81 48 81 45 81 41 81 3C 81 39 81 3C 81 41 81 45 81 43 81 3C 81 45 81 43 81 43 81 3C 81 3C 81 3C 81 43 81 41 81 3E 81 3B 81 37 81 3B 81 3E 81 3B 81 3C 81 37 81 40 81 3C 81 3C 83 61 83 63",

   # Channel 2
    "24 85 24 81 24 87 29 85 29 81 24 87 2B 85 2B 81 26 87 24 85 24 81 24 87 24 85 24 81 24 87 29 85 29 81 29 87 1F 85 1F 81 26 87 24 85 24 81 24 83 2B 83 24 85 24 81 2B 83 24 83 29 85 29 81 24 83 29 81 30 81 1F 85 1F 81 26 83 26 81 1F 81 24 85 24 81 24 83 2B 81 24 81 24 85 24 81 24 87 29 85 29 81 24 87 1F 85 1F 81 26 83 26 81 1F 81 24 85 24 81 24 83 26 81 28 81 29 85 29 81 24 83 29 81 24 81 24 85 24 81 2B 83 24 81 2B 81 1F 85 1F 81 26 83 26 81 1F 81 24 85 24 81 26 83 24 81 2B 81 29 85 29 81 24 83 29 81 24 81 24 85 24 81 2B 83 24 81 2B 81 1F 85 1F 81 26 83 26 81 1F 81 24 85 24 81 24 87 61 8F",

   
   # Channel 3 (empty)
    "",
    
   # Channel 4 (empty)
    "",

   # Channel 5 (empty)
    "",

   # Channel 6 (Drums)
    "11 81 01 81 09 81 11 81 11 81 01 81 09 81 01 81 11 81 01 81 09 81 11 81 11 81 01 81 09 81 01 81 11 81 01 81 09 81 11 81 11 81 01 81 09 81 01 81 11 81 01 81 09 81 11 81 11 81 01 81 09 81 01 81 11 81 01 81 09 81 11 81 11 81 01 81 09 81 01 81 11 81 01 81 09 81 11 81 11 81 01 81 09 81 01 81 11 81 01 81 09 81 11 81 11 81 01 81 09 81 01 81 01 81 01 81 19 81 01 81 11 81 18 81 08 81 18 81 11 81 01 81 19 81 01 81 11 81 01 81 19 81 01 81 11 81 01 81 19 81 01 81 11 81 01 81 19 81 01 81 11 81 01 81 19 81 01 81 11 81 01 81 19 81 01 81 11 81 01 81 19 81 01 81 11 81 01 81 19 81 01 81 11 81 01 81 19 81 01 81 11 81 01 81 19 81 01 81 11 81 01 81 19 81 01 81 11 81 01 81 19 81 01 81 11 81 01 81 19 81 01 81 11 81 01 81 19 81 01 81 11 81 01 81 19 81 01 81 11 81 08 08 08 81 08 81 11 81 01 81 19 81 01 81 11 81 01 81 19 81 01 81 11 81 01 81 09 81 11 81 11 81 08 81 08 81 08 81 11 81 01 81 09 81 11 81 11 81 08 81 08 81 08 81 11 81 01 81 09 81 11 81 11 81 08 81 08 81 08 81 11 81 01 81 19 81 01 81 11 81 01 81 19 81 01 81 11 81 01 81 19 81 01 81 11 81 01 81 19 81 01 81 11 81 01 81 19 81 01 81 11 81 01 81 19 81 01 81 11 81 01 81 18 81 08 81 11 83 20 83 20 8F",
