 # hex tempo 13 likery bpm 157
   # Channel 0
   "61 81 2B 81 30 81 34 81 37 83 37 81 39 81 37 83 35 81 34 81 37 83 37 83 61 81 2B 81 30 81 34 81 37 83 37 81 39 81 37 83 35 81 34 81 35 87 61 81 2B 81 2F 81 32 81 35 83 35 81 37 81 35 83 34 81 32 81 35 83 35 83 61 83 37 81 35 81 34 83 32 81 30 81 32 83 30 81 2F 81 30 87 61 81 2B 81 30 81 34 81 37 83 37 81 39 81 37 83 35 81 34 81 37 83 37 83 61 81 2B 81 30 81 34 81 37 83 37 81 39 81 37 83 35 81 34 81 35 87 61 81 2B 81 2F 81 32 81 35 83 35 81 37 81 35 83 34 81 32 81 35 83 35 83 61 83 37 81 35 81 34 83 32 81 30 81 32 83 30 81 2F 81 30 87 61 81 30 81 2F 81 2E 81 2D 81 30 81 30 81 32 81 30 85 2D 81 2B 83 34 8B 2B 81 32 81 32 81 34 81 32 85 30 81 34 83 30 83 2F 83 2E 83 2D 81 30 81 30 81 32 81 30 85 2D 81 2B 83 34 8B 30 81 30 81 30 81 32 81 34 83 32 81 30 81 32 87 63",
   # Channel 1
   "61 81 2B 81 30 81 34 81 37 83 37 81 39 81 37 83 35 81 34 81 37 83 37 83 61 81 2B 81 30 81 34 81 37 83 37 81 39 81 37 83 35 81 34 81 35 87 61 81 2B 81 2F 81 32 81 35 83 35 81 37 81 35 83 34 81 32 81 35 83 35 83 61 83 37 81 35 81 34 83 32 81 30 81 32 83 30 81 2F 81 30 87 61 81 2B 81 30 81 34 81 37 83 37 81 39 81 37 83 35 81 34 81 37 83 37 83 61 81 2B 81 30 81 34 81 37 83 37 81 39 81 37 83 35 81 34 81 35 87 61 81 2B 81 2F 81 32 81 35 83 35 81 37 81 35 83 34 81 32 81 35 83 35 83 61 83 37 81 35 81 34 83 32 81 30 81 32 83 30 81 2F 81 30 87 61 81 30 81 2F 81 2E 81 2D 81 30 81 30 81 32 81 30 85 2D 81 2B 83 34 8B 2B 81 32 81 32 81 34 81 32 85 30 81 34 83 30 83 2F 83 2E 83 2D 81 30 81 30 81 32 81 30 85 2D 81 2B 83 34 8B 30 81 30 81 30 81 32 81 34 83 32 81 30 81 32 87 63",

   # Channel 2
   "",

   # Channel 3
   "",
    
   # Channel 4 (empty)
   "61 87 24 87 2B 83 2B 83 24 87 2B 83 2B 83 24 87 2B 83 2B 83 1F 87 26 83 26 83 1F 87 26 83 26 83 1F 87 26 83 26 83 24 87 1F 87 24 87 24 87 24 87 2B 83 2B 83 24 87 2B 83 2B 83 24 87 2B 83 2B 83 1F 87 26 83 26 83 1F 87 26 83 26 83 1F 87 26 83 26 83 24 87 1F 87 24 87 2B 83 2B 83 1D 87 24 83 24 83 24 87 2B 83 2B 83 1F 87 26 83 26 83 24 87 2B 83 2B 83 1D 87 24 83 24 83 24 87 2B 83 2B 83 21 87 26 87 1F 87 61 8F",
    

   # Channel 5 (empty)
   "61 87 24 87 2B 83 2B 83 24 87 2B 83 2B 83 24 87 2B 83 2B 83 1F 87 26 83 26 83 1F 87 26 83 26 83 1F 87 26 83 26 83 24 87 1F 87 24 87 24 87 24 87 2B 83 2B 83 24 87 2B 83 2B 83 24 87 2B 83 2B 83 1F 87 26 83 26 83 1F 87 26 83 26 83 1F 87 26 83 26 83 24 87 1F 87 24 87 2B 83 2B 83 1D 87 24 83 24 83 24 87 2B 83 2B 83 1F 87 26 83 26 83 24 87 2B 83 2B 83 1D 87 24 83 24 83 24 87 2B 83 2B 83 21 87 26 87 1F 87 61 8F",

   # Channel 6 (Drums)
   "20 87 18 83 05 81 05 81 18 83 05 81 05 81 18 83 05 81 05 81 18 83 05 81 05 81 18 83 05 81 05 81 18 83 05 81 05 81 18 83 05 81 05 81 18 83 05 81 05 81 18 83 05 81 05 81 18 83 05 81 05 81 18 83 05 81 05 81 18 83 05 81 05 81 18 83 05 81 05 81 18 83 05 81 05 81 18 83 05 81 05 81 18 83 05 81 05 81 18 83 05 81 05 81 18 83 05 81 05 81 18 83 05 81 05 81 18 83 05 81 05 81 18 83 05 81 05 81 18 83 05 81 05 81 18 83 05 81 05 81 18 83 05 81 05 81 18 83 05 81 05 81 18 83 05 81 05 81 18 83 05 81 05 81 18 83 05 81 05 81 18 83 05 81 05 81 18 83 05 81 05 81 18 83 05 81 05 81 18 83 05 81 05 81 18 83 05 81 05 81 18 83 05 81 05 81 18 83 05 81 05 81 18 83 05 81 05 81 18 83 05 81 05 81 18 83 05 81 05 81 18 83 05 81 05 81 18 83 05 81 05 81 18 83 05 81 05 81 18 83 05 81 05 81 18 83 05 81 05 81 18 83 05 81 05 81 18 83 05 81 05 81 18 83 05 81 05 81 18 83 05 81 05 81 20 8F",
