   # Channel 0
    "70 27 02 39 83 39 81 3C 81 3B 81 37 83 39 83 39 81 39 81 40 89 39 83 39 81 3C 81 3B 81 37 83 39 85 61 8B 70 2C 01 39 81 39 81 39 81 3C 81 3B 83 37 83 39 83 39 81 37 81 34 87 39 81 39 81 39 81 3C 81 3B 83 37 83 39 83 39 81 37 81 34 87 34 83 34 81 37 81 39 83 37 83 34 83 34 81 32 81 2D 87 30 81 2F 81 30 81 34 81 32 83 30 83 2F 87 34 83 32 83 37 8F 61 8F 39 81 39 81 39 81 3C 81 3B 83 37 83 39 83 39 81 37 81 34 87 39 81 39 81 39 81 3C 81 3B 83 37 83 39 83 39 81 37 81 34 87 34 83 34 81 37 81 39 83 37 83 34 83 34 81 32 81 2D 87 30 81 2F 81 30 81 34 81 32 83 30 83 2F 87 30 83 2F 83 2D 8F 61 8F 39 83 39 81 37 81 39 85 34 81 34 83 30 83 32 87 34 83 34 81 32 81 34 83 39 83 37 83 34 81 32 81 34 87 39 83 37 81 39 81 37 83 34 83 34 83 32 81 34 81 32 83 2D 83 39 81 37 81 34 81 32 81 30 83 2F 83 2D 8F 39 81 39 81 39 81 3C 81 3B 83 37 83 39 83 39 81 37 81 34 87 39 81 39 81 39 81 3C 81 3B 83 37 83 39 83 39 81 37 81 34 87 34 83 34 81 37 81 39 83 37 83 34 83 34 81 32 81 2D 87 30 81 2F 81 30 81 34 81 39 83 34 83 3C 87 3B 87 39 8F 61 8F 70 27 02 39 83 39 81 3C 81 3B 81 37 83 39 83 39 81 39 81 40 89 39 83 39 81 3C 81 3B 81 37 83 39 85 61 8B 70 2C 01 39 81 39 81 39 81 3C 81 3B 83 37 83 39 83 39 81 37 81 34 87 39 81 39 81 39 81 3C 81 3B 83 37 83 39 83 39 81 37 81 34 87 34 83 34 81 37 81 39 83 37 83 34 83 34 81 32 81 2D 87 30 81 2F 81 30 81 34 81 39 83 34 83 3C 87 3B 87 39 8F 70 27 03 39 83 39 81 3C 81 3B 81 37 83 39 89 39 87 61 9F 63",
   # Channel 1
    "70 27 02 39 83 39 81 3C 81 3B 81 37 83 39 83 39 81 39 81 40 89 39 83 39 81 3C 81 3B 81 37 83 39 85 61 8B 70 2C 01 39 81 39 81 39 81 3C 81 3B 83 37 83 39 83 39 81 37 81 34 87 39 81 39 81 39 81 3C 81 3B 83 37 83 39 83 39 81 37 81 34 87 34 83 34 81 37 81 39 83 37 83 34 83 34 81 32 81 2D 87 30 81 2F 81 30 81 34 81 32 83 30 83 2F 87 34 83 32 83 37 8F 61 8F 39 81 39 81 39 81 3C 81 3B 83 37 83 39 83 39 81 37 81 34 87 39 81 39 81 39 81 3C 81 3B 83 37 83 39 83 39 81 37 81 34 87 34 83 34 81 37 81 39 83 37 83 34 83 34 81 32 81 2D 87 30 81 2F 81 30 81 34 81 32 83 30 83 2F 87 30 83 2F 83 2D 8F 61 8F 39 83 39 81 37 81 39 85 34 81 34 83 30 83 32 87 34 83 34 81 32 81 34 83 39 83 37 83 34 81 32 81 34 87 39 83 37 81 39 81 37 83 34 83 34 83 32 81 34 81 32 83 2D 83 39 81 37 81 34 81 32 81 30 83 2F 83 2D 8F 39 81 39 81 39 81 3C 81 3B 83 37 83 39 83 39 81 37 81 34 87 39 81 39 81 39 81 3C 81 3B 83 37 83 39 83 39 81 37 81 34 87 34 83 34 81 37 81 39 83 37 83 34 83 34 81 32 81 2D 87 30 81 2F 81 30 81 34 81 39 83 34 83 3C 87 3B 87 39 8F 61 8F 70 27 02 39 83 39 81 3C 81 3B 81 37 83 39 83 39 81 39 81 40 89 39 83 39 81 3C 81 3B 81 37 83 39 85 61 8B 70 2C 01 39 81 39 81 39 81 3C 81 3B 83 37 83 39 83 39 81 37 81 34 87 39 81 39 81 39 81 3C 81 3B 83 37 83 39 83 39 81 37 81 34 87 34 83 34 81 37 81 39 83 37 83 34 83 34 81 32 81 2D 87 30 81 2F 81 30 81 34 81 39 83 34 83 3C 87 3B 87 39 8F 70 27 03 39 83 39 81 3C 81 3B 81 37 83 39 89 39 87 61 9F 63",

   # Channel 2
    "61 8F 61 8F 61 8F 61 83 34 81 34 81 34 81 34 81 34 81 34 81 61 8F 61 8F 61 8F 61 8F 61 8F 61 8F 61 8F 61 8F 61 81 37 81 37 39 37 81 61 81 3B 81 3B 39 3B 81 3B 87 34 87 61 8F 61 8F 61 8F 61 8F 61 8F 61 8F 61 8F 61 8F 61 81 39 32 39 81 37 81 39 81 37 81 39 83 34 81 39 83 34 81 37 83 37 83 61 8F 61 8F 61 8F 61 8F 61 8F 61 8F 61 8F 61 81 2D 81 2D 81 30 81 34 81 32 81 30 81 2F 81 61 8F 61 8F 61 8F 61 8F 61 8F 61 8F 61 8F 61 8F 61 8F 61 8F 61 8F 61 8F 61 8F 61 83 34 81 34 81 34 81 34 81 34 81 34 81 61 8F 61 8F 61 8F 61 8F 61 8F 61 8F 61 8F 61 8F 61 8F 61 8F 61 8F 61 9F 61 8F",

   
   # Channel 3
   "61 8F 61 8F 61 8F 61 83 34 81 34 81 34 81 34 81 34 81 34 81 61 8F 61 8F 61 8F 61 8F 61 8F 61 8F 61 8F 61 8F 61 81 37 81 37 39 37 81 61 81 3B 81 3B 39 3B 81 3B 87 34 87 61 8F 61 8F 61 8F 61 8F 61 8F 61 8F 61 8F 61 8F 61 81 39 32 39 81 37 81 39 81 37 81 39 83 34 81 39 83 34 81 37 83 37 83 61 8F 61 8F 61 8F 61 8F 61 8F 61 8F 61 8F 61 81 2D 81 2D 81 30 81 34 81 32 81 30 81 2F 81 61 8F 61 8F 61 8F 61 8F 61 8F 61 8F 61 8F 61 8F 61 8F 61 8F 61 8F 61 8F 61 8F 61 83 34 81 34 81 34 81 34 81 34 81 34 81 61 8F 61 8F 61 8F 61 8F 61 8F 61 8F 61 8F 61 8F 61 8F 61 8F 61 8F 61 9F 61 8F",

    
   # Channel 4
    "21 83 61 81 28 81 21 83 61 81 28 81 21 83 61 81 28 81 21 83 61 81 28 81 21 83 61 81 28 81 1F 83 61 81 26 81 21 83 61 81 28 81 21 83 61 81 28 81 21 83 61 81 28 81 21 83 61 81 28 81 21 83 61 81 28 81 21 83 61 81 28 81 21 83 61 81 28 81 1F 83 61 81 26 81 21 83 61 81 28 81 21 83 61 81 28 81 28 83 61 81 2B 81 21 83 61 81 28 81 28 83 61 81 2B 81 21 83 61 81 28 81 29 83 61 81 2F 81 1F 83 61 81 26 81 23 87 28 83 61 81 2B 81 1F 83 61 81 26 81 1F 83 61 81 26 81 28 87 2B 87 21 83 61 81 28 81 21 83 61 81 28 81 21 83 61 81 28 81 21 83 61 81 28 81 21 83 61 81 28 81 1F 83 61 81 26 81 21 83 61 81 28 81 21 83 61 81 28 81 28 83 61 81 2B 81 21 83 61 81 28 81 28 83 61 81 2B 81 21 83 61 81 28 81 29 83 61 81 2F 81 1F 83 61 81 26 81 23 87 28 83 61 81 2B 81 21 83 61 81 28 81 21 83 61 81 28 81 21 83 61 81 28 81 21 83 61 81 28 81 21 83 61 81 28 81 21 83 61 81 28 81 28 83 61 81 2B 81 26 83 61 81 2D 81 21 83 61 81 28 81 21 83 61 81 28 81 1F 83 61 81 26 81 28 83 61 81 2B 81 21 83 61 81 28 81 21 83 61 81 28 81 28 83 61 81 2B 81 26 83 61 81 2D 81 21 83 61 81 28 81 29 83 1F 83 21 83 61 81 28 81 21 83 61 81 28 81 21 83 61 81 28 81 21 83 61 81 28 81 21 83 61 81 28 81 21 83 61 81 28 81 21 83 61 81 28 81 1F 83 61 81 26 81 21 83 61 81 28 81 21 83 61 81 28 81 28 83 61 81 2B 81 21 83 61 81 28 81 28 83 61 81 2B 81 21 83 61 81 28 81 29 87 28 83 61 81 2B 81 29 87 1F 87 21 83 61 81 28 81 21 83 61 81 28 81 21 83 61 81 28 81 21 83 61 81 28 81 21 83 61 81 28 81 21 83 61 81 28 81 21 83 61 81 28 81 21 83 61 81 28 81 21 83 61 81 28 81 1F 83 61 81 26 81 21 83 61 81 28 81 21 83 61 81 28 81 21 83 61 81 28 81 21 83 61 81 28 81 21 83 61 81 28 81 21 83 61 81 28 81 21 83 61 81 28 81 1F 83 61 81 26 81 21 83 61 81 28 81 21 83 61 81 28 81 28 83 61 81 2B 81 21 83 61 81 28 81 28 83 61 81 2B 81 21 83 61 81 28 81 29 87 28 83 61 81 2B 81 29 87 1F 87 21 83 61 81 28 81 21 83 61 81 28 81 21 83 61 81 28 81 1F 83 61 81 26 81 21 83 61 81 28 81 21 83 61 81 28 81 61 9F 61 8F",



   # Channel 5
    "21 83 61 81 28 81 21 83 61 81 28 81 21 83 61 81 28 81 21 83 61 81 28 81 21 83 61 81 28 81 1F 83 61 81 26 81 21 83 61 81 28 81 21 83 61 81 28 81 21 83 61 81 28 81 21 83 61 81 28 81 21 83 61 81 28 81 21 83 61 81 28 81 21 83 61 81 28 81 1F 83 61 81 26 81 21 83 61 81 28 81 21 83 61 81 28 81 28 83 61 81 2B 81 21 83 61 81 28 81 28 83 61 81 2B 81 21 83 61 81 28 81 29 83 61 81 2F 81 1F 83 61 81 26 81 23 87 28 83 61 81 2B 81 1F 83 61 81 26 81 1F 83 61 81 26 81 28 87 2B 87 21 83 61 81 28 81 21 83 61 81 28 81 21 83 61 81 28 81 21 83 61 81 28 81 21 83 61 81 28 81 1F 83 61 81 26 81 21 83 61 81 28 81 21 83 61 81 28 81 28 83 61 81 2B 81 21 83 61 81 28 81 28 83 61 81 2B 81 21 83 61 81 28 81 29 83 61 81 2F 81 1F 83 61 81 26 81 23 87 28 83 61 81 2B 81 21 83 61 81 28 81 21 83 61 81 28 81 21 83 61 81 28 81 21 83 61 81 28 81 21 83 61 81 28 81 21 83 61 81 28 81 28 83 61 81 2B 81 26 83 61 81 2D 81 21 83 61 81 28 81 21 83 61 81 28 81 1F 83 61 81 26 81 28 83 61 81 2B 81 21 83 61 81 28 81 21 83 61 81 28 81 28 83 61 81 2B 81 26 83 61 81 2D 81 21 83 61 81 28 81 29 83 1F 83 21 83 61 81 28 81 21 83 61 81 28 81 21 83 61 81 28 81 21 83 61 81 28 81 21 83 61 81 28 81 21 83 61 81 28 81 21 83 61 81 28 81 1F 83 61 81 26 81 21 83 61 81 28 81 21 83 61 81 28 81 28 83 61 81 2B 81 21 83 61 81 28 81 28 83 61 81 2B 81 21 83 61 81 28 81 29 87 28 83 61 81 2B 81 29 87 1F 87 21 83 61 81 28 81 21 83 61 81 28 81 21 83 61 81 28 81 21 83 61 81 28 81 21 83 61 81 28 81 21 83 61 81 28 81 21 83 61 81 28 81 21 83 61 81 28 81 21 83 61 81 28 81 1F 83 61 81 26 81 21 83 61 81 28 81 21 83 61 81 28 81 21 83 61 81 28 81 21 83 61 81 28 81 21 83 61 81 28 81 21 83 61 81 28 81 21 83 61 81 28 81 1F 83 61 81 26 81 21 83 61 81 28 81 21 83 61 81 28 81 28 83 61 81 2B 81 21 83 61 81 28 81 28 83 61 81 2B 81 21 83 61 81 28 81 29 87 28 83 61 81 2B 81 29 87 1F 87 21 83 61 81 28 81 21 83 61 81 28 81 21 83 61 81 28 81 1F 83 61 81 26 81 21 83 61 81 28 81 21 83 61 81 28 81 61 9F 61 8F",


   # Channel 6
    "19 81 01 81 09 81 19 81 01 81 01 81 09 81 01 01 19 81 01 81 09 81 19 81 01 81 01 81 09 81 01 01 19 81 01 81 09 81 19 81 01 81 01 81 09 81 01 01 19 81 01 81 09 81 19 81 01 81 01 81 09 81 01 01 19 81 01 81 09 81 19 81 01 81 01 81 09 81 01 01 19 81 01 81 09 81 19 81 01 81 01 81 09 81 01 01 19 81 01 81 09 81 19 81 01 81 01 81 09 81 01 01 19 81 01 81 09 81 19 81 01 81 01 81 09 81 01 01 19 81 01 81 09 81 19 81 01 81 01 81 09 81 01 01 19 81 01 81 09 81 19 81 01 81 01 81 09 81 01 01 19 81 01 81 09 81 19 81 01 81 01 81 09 81 01 01 19 81 01 81 09 81 19 81 01 81 01 81 09 81 01 01 19 81 01 81 09 81 19 81 01 81 01 81 09 81 01 01 19 81 01 81 09 81 19 81 01 81 01 81 09 81 01 01 19 81 01 81 09 81 19 81 01 81 01 81 09 81 01 01 19 81 01 81 09 81 19 81 01 81 01 81 09 81 01 01 19 81 01 81 09 81 19 81 01 81 01 81 09 81 01 01 19 81 01 81 09 81 19 81 01 81 01 81 09 81 01 01 19 81 01 81 09 81 19 81 01 81 01 81 09 81 01 01 19 81 01 81 09 81 19 81 01 81 01 81 09 81 01 01 19 81 01 81 09 81 19 81 01 81 01 81 09 81 01 01 19 81 01 81 09 81 19 81 01 81 01 81 09 81 01 01 19 81 01 81 09 81 19 81 01 81 01 81 09 81 01 01 19 81 01 81 09 81 19 81 01 81 01 81 09 81 01 01 19 81 01 81 09 81 19 81 01 81 01 81 09 81 01 01 19 81 01 81 09 81 19 81 01 81 01 81 09 81 01 01 19 81 01 81 09 81 19 81 01 81 01 81 09 81 01 01 19 81 01 81 09 81 19 81 01 81 01 81 09 81 01 01 19 81 01 81 09 81 19 81 01 81 01 81 09 81 01 01 19 81 01 81 09 81 19 81 01 81 01 81 09 81 01 01 19 81 01 81 09 81 19 81 01 81 01 81 09 81 01 01 19 81 01 81 09 81 19 81 01 81 01 81 09 81 01 01 19 81 01 81 09 81 19 81 01 81 01 81 09 81 01 01 19 81 01 81 09 81 19 81 01 81 01 81 09 81 01 01 19 81 01 81 09 81 19 81 01 81 01 81 09 81 01 01 19 81 01 81 09 81 19 81 01 81 01 81 09 81 01 01 19 81 01 81 09 81 19 81 01 81 01 81 09 81 01 01 19 81 01 81 09 81 19 81 01 81 01 81 09 81 01 01 19 81 01 81 09 81 19 81 01 81 01 81 09 81 01 01 19 81 01 81 09 81 19 81 01 81 01 81 09 81 01 01 19 81 01 81 09 81 19 81 01 81 01 81 09 81 01 01 19 81 01 81 09 81 19 81 01 81 01 81 09 81 01 01 19 81 01 81 09 81 19 81 01 81 01 81 09 81 01 01 19 81 01 81 09 81 19 81 01 81 01 81 09 81 01 01 19 81 01 81 09 81 19 81 01 81 01 81 09 81 01 01 19 81 01 81 09 81 19 81 01 81 01 81 09 81 01 01 19 81 01 81 09 81 19 81 01 81 01 81 09 81 01 01 19 81 01 81 09 81 19 81 01 81 01 81 09 81 01 01 19 81 01 81 09 81 19 81 01 81 01 81 09 81 01 01 19 81 01 81 09 81 19 81 01 81 01 81 09 81 01 01 19 81 01 81 09 81 19 81 01 81 01 81 09 81 01 01 19 81 01 81 09 81 19 81 01 81 01 81 09 81 01 01 19 81 01 81 09 81 19 81 01 81 01 81 09 81 01 01 19 81 01 81 09 81 19 81 01 81 01 81 09 81 01 01 19 81 01 81 09 81 19 81 01 81 01 81 09 81 01 01 19 81 01 81 09 81 19 81 01 81 01 81 09 81 01 01 19 81 01 81 09 81 19 81 01 81 01 81 09 81 01 01 19 81 01 81 09 81 19 81 01 81 01 81 09 81 01 01 19 81 01 81 09 81 19 81 01 81 01 81 09 81 01 01 20 8F",
