
   # Channel 0
    "70 15 02 61 83 37 81 36 81 39 81 37 81 34 81 30 81 2B 85 37 81 34 85 32 81 30 81 2F 81 2D 81 2F 81 30 85 2D 81 2B 8F 61 83 2B 81 2D 81 30 81 2F 81 2D 81 2B 81 35 85 32 81 2F 85 2D 81 2B 81 2D 81 2F 81 32 81 2D 85 2F 81 30 8F 70 27 01 61 83 37 81 36 81 39 81 37 81 34 81 30 81 2B 85 37 81 34 85 32 81 30 81 2F 81 2D 81 2F 81 30 85 2D 81 2B 8F 61 83 2B 81 2D 81 30 81 2F 81 2D 81 2B 81 35 85 32 81 2F 85 2D 81 2B 81 2D 81 2F 81 32 81 39 85 37 81 34 8F 61 83 37 81 36 81 39 81 37 81 34 81 30 81 2B 85 37 81 34 85 32 81 30 81 2F 81 2D 81 2F 81 30 85 2D 81 2B 8F 61 83 2B 81 2D 81 30 81 2F 81 2D 81 2B 81 35 85 32 81 2F 85 2D 81 2B 81 2D 81 2F 81 32 81 2D 85 2F 81 30 8F 61 83 30 83 35 83 37 83 39 87 35 87 61 81 39 81 3B 81 3C 81 3B 85 39 81 39 87 37 8D 37 81 34 81 35 81 37 81 39 81 34 87 32 87 61 81 34 81 32 81 2D 81 30 81 2F 83 30 81 32 8F 61 83 37 81 36 81 39 81 37 81 34 81 30 81 2B 85 37 81 34 85 32 81 30 81 2F 81 2D 81 2F 81 30 85 2D 81 2B 8F 61 83 2B 81 2D 81 30 81 2F 81 2D 81 2B 81 35 85 32 81 2F 85 2D 81 2B 81 2D 81 2F 81 32 81 2D 85 2F 81 30 8F 70 14 02 61 83 37 81 36 81 39 81 37 81 34 81 30 81 2B 85 37 81 34 85 32 81 30 81 2F 81 2D 81 2F 81 30 85 2D 81 2B 8F 61 83 2B 81 2D 81 30 81 2F 81 2D 81 2B 81 35 85 32 81 2F 85 2D 81 2B 81 2D 81 2F 81 32 81 2D 85 2F 81 30 8F 61 9F 63",   
   # Channel 1

    "70 15 02 61 83 37 81 36 81 39 81 37 81 34 81 30 81 2B 85 37 81 34 85 32 81 30 81 2F 81 2D 81 2F 81 30 85 2D 81 2B 8F 61 83 2B 81 2D 81 30 81 2F 81 2D 81 2B 81 35 85 32 81 2F 85 2D 81 2B 81 2D 81 2F 81 32 81 2D 85 2F 81 30 8F 70 27 01 61 83 37 81 36 81 39 81 37 81 34 81 30 81 2B 85 37 81 34 85 32 81 30 81 2F 81 2D 81 2F 81 30 85 2D 81 2B 8F 61 83 2B 81 2D 81 30 81 2F 81 2D 81 2B 81 35 85 32 81 2F 85 2D 81 2B 81 2D 81 2F 81 32 81 39 85 37 81 34 8F 61 83 37 81 36 81 39 81 37 81 34 81 30 81 2B 85 37 81 34 85 32 81 30 81 2F 81 2D 81 2F 81 30 85 2D 81 2B 8F 61 83 2B 81 2D 81 30 81 2F 81 2D 81 2B 81 35 85 32 81 2F 85 2D 81 2B 81 2D 81 2F 81 32 81 2D 85 2F 81 30 8F 61 83 30 83 35 83 37 83 39 87 35 87 61 81 39 81 3B 81 3C 81 3B 85 39 81 39 87 37 8D 37 81 34 81 35 81 37 81 39 81 34 87 32 87 61 81 34 81 32 81 2D 81 30 81 2F 83 30 81 32 8F 61 83 37 81 36 81 39 81 37 81 34 81 30 81 2B 85 37 81 34 85 32 81 30 81 2F 81 2D 81 2F 81 30 85 2D 81 2B 8F 61 83 2B 81 2D 81 30 81 2F 81 2D 81 2B 81 35 85 32 81 2F 85 2D 81 2B 81 2D 81 2F 81 32 81 2D 85 2F 81 30 8F 70 14 02 61 83 37 81 36 81 39 81 37 81 34 81 30 81 2B 85 37 81 34 85 32 81 30 81 2F 81 2D 81 2F 81 30 85 2D 81 2B 8F 61 83 2B 81 2D 81 30 81 2F 81 2D 81 2B 81 35 85 32 81 2F 85 2D 81 2B 81 2D 81 2F 81 32 81 2D 85 2F 81 30 8F 61 9F 63",   
   # Channel 2 (empty)
    "",

   
   # Channel 3 (empty)
    "",

    
   # Channel 4
    "24 87 28 83 2B 83 24 87 28 83 2B 83 29 87 26 83 26 83 1F 87 23 83 26 83 24 87 28 83 2B 83 29 87 2F 83 2F 83 1F 87 23 83 26 83 24 87 28 83 2B 83 24 87 28 83 2B 83 29 87 2F 83 2F 83 29 87 26 83 26 83 1F 87 23 83 26 83 24 87 28 83 2B 83 29 87 2F 83 2F 83 1F 87 23 83 26 83 24 87 28 83 2B 83 24 87 28 83 2B 83 29 87 2F 83 2F 83 29 87 26 83 26 83 1F 87 23 83 26 83 24 87 28 83 2B 83 29 87 2F 83 2F 83 1F 87 23 83 26 83 24 87 28 83 2B 83 24 87 28 83 2B 83 29 87 2F 83 2F 83 1F 87 23 83 26 83 1F 87 23 83 26 83 24 87 28 83 2B 83 21 87 26 83 26 83 26 87 29 83 2D 83 1F 87 23 83 26 83 24 87 28 83 2B 83 29 87 2F 83 2F 83 29 87 26 83 26 83 1F 87 23 83 26 83 24 87 28 83 2B 83 29 87 2F 83 2F 83 1F 87 23 83 26 83 24 87 28 83 2B 83 24 87 28 83 2B 83 24 87 28 83 2B 83 29 87 26 83 26 83 1F 87 23 83 26 83 24 87 28 83 2B 83 29 87 2F 83 2F 83 1F 87 23 83 26 83 24 87 28 83 2B 83 61 9F 61 8F",   



   # Channel 5
    "24 87 28 83 2B 83 24 87 28 83 2B 83 29 87 26 83 26 83 1F 87 23 83 26 83 24 87 28 83 2B 83 29 87 2F 83 2F 83 1F 87 23 83 26 83 24 87 28 83 2B 83 24 87 28 83 2B 83 29 87 2F 83 2F 83 29 87 26 83 26 83 1F 87 23 83 26 83 24 87 28 83 2B 83 29 87 2F 83 2F 83 1F 87 23 83 26 83 24 87 28 83 2B 83 24 87 28 83 2B 83 29 87 2F 83 2F 83 29 87 26 83 26 83 1F 87 23 83 26 83 24 87 28 83 2B 83 29 87 2F 83 2F 83 1F 87 23 83 26 83 24 87 28 83 2B 83 24 87 28 83 2B 83 29 87 2F 83 2F 83 1F 87 23 83 26 83 1F 87 23 83 26 83 24 87 28 83 2B 83 21 87 26 83 26 83 26 87 29 83 2D 83 1F 87 23 83 26 83 24 87 28 83 2B 83 29 87 2F 83 2F 83 29 87 26 83 26 83 1F 87 23 83 26 83 24 87 28 83 2B 83 29 87 2F 83 2F 83 1F 87 23 83 26 83 24 87 28 83 2B 83 24 87 28 83 2B 83 24 87 28 83 2B 83 29 87 26 83 26 83 1F 87 23 83 26 83 24 87 28 83 2B 83 29 87 2F 83 2F 83 1F 87 23 83 26 83 24 87 28 83 2B 83 61 9F 61 8F",   

   # Channel 6 (Drums)
    "15 81 01 81 09 81 11 81 15 81 01 81 09 81 11 81 15 81 01 81 09 81 11 81 15 81 01 81 09 81 11 81 15 81 01 81 09 81 11 81 15 81 01 81 09 81 11 81 15 81 01 81 09 81 11 81 15 81 01 81 09 81 11 81 15 81 01 81 09 81 11 81 15 81 01 81 09 81 11 81 15 81 01 81 09 81 11 81 15 81 01 81 09 81 11 81 15 81 01 81 09 81 11 81 15 81 01 81 09 81 11 81 15 81 01 81 09 81 11 81 15 81 01 81 09 81 11 81 15 81 01 81 09 81 11 81 15 81 01 81 09 81 11 81 15 81 01 81 09 81 11 81 15 81 01 81 09 81 11 81 15 81 01 81 09 81 11 81 15 81 01 81 09 81 11 81 15 81 01 81 09 81 11 81 15 81 01 81 09 81 11 81 15 81 01 81 09 81 11 81 15 81 01 81 09 81 11 81 15 81 01 81 09 81 11 81 15 81 01 81 09 81 11 81 15 81 01 81 09 81 11 81 15 81 01 81 09 81 11 81 15 81 01 81 09 81 11 81 15 81 01 81 09 81 11 81 15 81 01 81 09 81 11 81 15 81 01 81 09 81 11 81 15 81 01 81 09 81 11 81 15 81 01 81 09 81 11 81 15 81 01 81 09 81 11 81 15 81 01 81 09 81 11 81 15 81 01 81 09 81 11 81 15 81 01 81 09 81 11 81 15 81 01 81 09 81 11 81 15 81 01 81 09 81 11 81 15 81 01 81 09 81 11 81 15 81 01 81 09 81 11 81 15 81 01 81 09 81 11 81 15 81 01 81 09 81 11 81 15 81 01 81 09 81 11 81 15 81 01 81 09 81 11 81 15 81 01 81 09 81 11 81 15 81 01 81 09 81 11 81 15 81 01 81 09 81 11 81 15 81 01 81 09 81 11 81 15 81 01 81 09 81 11 81 15 81 01 81 09 81 11 81 15 81 01 81 09 81 11 81 15 81 01 81 09 81 11 81 15 81 01 81 09 81 11 81 15 81 01 81 09 81 11 81 15 81 01 81 09 81 11 81 15 81 01 81 09 81 11 81 15 81 01 81 09 81 11 81 15 81 01 81 09 81 11 81 15 81 01 81 09 81 11 81 15 81 01 81 09 81 11 81 15 81 01 81 09 81 11 81 15 81 01 81 09 81 11 81 15 81 01 81 09 81 11 81 15 81 01 81 09 81 11 81 15 81 01 81 09 81 11 81 15 81 01 81 09 81 11 81 15 81 01 81 09 81 11 81 15 81 01 81 09 81 11 81 15 81 01 81 09 81 11 81 15 81 01 81 09 81 11 81 15 81 01 81 09 81 11 81 15 81 01 81 09 81 11 81 15 81 01 81 09 81 11 81 15 81 01 81 09 81 11 81 15 81 01 81 09 81 11 81 15 81 01 81 09 81 11 81 15 81 01 81 09 81 11 81 15 81 01 81 09 81 11 81 15 81 01 81 09 81 11 81 15 81 01 81 09 81 11 81 15 81 01 81 09 81 11 81 15 81 01 81 09 81 11 81 15 81 01 81 09 81 11 81 15 81 01 81 09 81 11 81 15 81 01 81 09 81 11 81 15 81 01 81 09 81 11 81 15 81 01 81 09 81 11 81 15 81 01 81 09 81 11 81 15 81 01 81 09 81 11 81 15 81 01 81 09 81 11 81 15 81 01 81 09 81 11 81 15 81 01 81 09 81 11 81 15 81 01 81 09 81 11 81 15 81 01 81 09 81 11 81 15 81 01 81 09 81 11 81 15 81 01 81 09 81 11 81 20 8F",   

