
   # Channel 0
    "70 14 02 2B 81 2D 83 2D 81 30 82 30 32 81 34 81 37 81 39 81 39 37 34 37 37 81 39 83 30 81 30 81 2B 2D 30 81 30 2D 30 81 30 32 34 81 30 81 34 81 2B 2D 30 81 30 2D 30 30 30 2D 2B 2D 30 30 30 81 2B 2D 30 81 30 2D 30 81 30 32 34 81 30 81 34 81 2B 2D 30 81 30 2D 30 30 30 32 30 32 34 34 70 27 01 61 81 30 81 2D 81 2B 81 30 83 2D 82 2B 28 81 2D 83 28 81 2B 87 61 81 37 81 37 81 34 81 39 83 37 82 39 37 81 30 83 32 34 32 87 61 81 37 81 37 81 34 81 39 83 37 85 37 83 34 81 32 81 34 32 30 83 61 81 2F 81 2F 81 2D 81 32 82 32 2F 81 2D 81 2B 81 2F 83 2D 81 2B 87 61 81 30 81 2D 81 2B 81 30 83 2D 82 2B 28 81 2D 83 28 81 2B 87 61 81 37 81 37 81 34 81 39 83 37 82 39 37 81 30 83 32 34 32 87 61 81 37 81 37 81 34 81 39 83 37 85 37 83 34 81 32 81 34 32 30 83 61 81 2F 81 2F 81 2D 81 2F 82 2D 2F 81 32 81 32 81 2B 83 2D 81 30 87 61 81 34 81 34 81 37 81 39 83 37 82 39 37 81 30 83 32 81 34 87 61 81 37 81 37 81 34 81 39 83 37 82 34 32 81 30 83 34 81 32 87 61 81 2D 81 2D 81 2B 81 30 82 30 2D 81 2B 83 28 83 30 81 2D 83 2B 83 61 81 39 81 39 81 37 81 39 83 3C 81 39 81 37 81 39 83 34 81 32 87 61 81 30 81 2D 81 2B 81 30 83 2D 82 2B 28 81 2D 83 28 81 2B 87 61 81 37 81 37 81 34 81 39 83 37 82 39 37 81 30 83 32 34 32 87 61 81 37 81 37 81 34 81 39 83 37 85 37 83 34 81 32 81 34 32 30 83 61 81 2F 81 2F 81 2D 81 2F 82 2D 2F 81 32 81 32 81 2B 83 2D 81 30 87 61 81 30 81 2D 81 2B 81 30 83 2D 82 2B 28 81 2D 83 28 81 2B 87 61 81 37 81 37 81 34 81 39 83 37 82 39 37 81 30 83 32 34 32 87 61 81 37 81 37 81 34 81 39 83 37 85 37 83 34 81 32 81 34 32 30 83 61 81 2F 81 2F 81 2D 81 2F 82 2D 2F 81 32 81 32 81 2B 83 2D 81 30 87 61 81 39 81 39 81 37 81 39 82 37 39 81 3C 81 34 87 32 87 30 8F 61 8F 63",
   # Channel 1
    "70 14 02 2B 81 2D 83 2D 81 30 82 30 32 81 34 81 37 81 39 81 39 37 34 37 37 81 39 83 30 81 30 81 2B 2D 30 81 30 2D 30 81 30 32 34 81 30 81 34 81 2B 2D 30 81 30 2D 30 30 30 2D 2B 2D 30 30 30 81 2B 2D 30 81 30 2D 30 81 30 32 34 81 30 81 34 81 2B 2D 30 81 30 2D 30 30 30 32 30 32 34 34 70 27 01 61 81 30 81 2D 81 2B 81 30 83 2D 82 2B 28 81 2D 83 28 81 2B 87 61 81 37 81 37 81 34 81 39 83 37 82 39 37 81 30 83 32 34 32 87 61 81 37 81 37 81 34 81 39 83 37 85 37 83 34 81 32 81 34 32 30 83 61 81 2F 81 2F 81 2D 81 32 82 32 2F 81 2D 81 2B 81 2F 83 2D 81 2B 87 61 81 30 81 2D 81 2B 81 30 83 2D 82 2B 28 81 2D 83 28 81 2B 87 61 81 37 81 37 81 34 81 39 83 37 82 39 37 81 30 83 32 34 32 87 61 81 37 81 37 81 34 81 39 83 37 85 37 83 34 81 32 81 34 32 30 83 61 81 2F 81 2F 81 2D 81 2F 82 2D 2F 81 32 81 32 81 2B 83 2D 81 30 87 61 81 34 81 34 81 37 81 39 83 37 82 39 37 81 30 83 32 81 34 87 61 81 37 81 37 81 34 81 39 83 37 82 34 32 81 30 83 34 81 32 87 61 81 2D 81 2D 81 2B 81 30 82 30 2D 81 2B 83 28 83 30 81 2D 83 2B 83 61 81 39 81 39 81 37 81 39 83 3C 81 39 81 37 81 39 83 34 81 32 87 61 81 30 81 2D 81 2B 81 30 83 2D 82 2B 28 81 2D 83 28 81 2B 87 61 81 37 81 37 81 34 81 39 83 37 82 39 37 81 30 83 32 34 32 87 61 81 37 81 37 81 34 81 39 83 37 85 37 83 34 81 32 81 34 32 30 83 61 81 2F 81 2F 81 2D 81 2F 82 2D 2F 81 32 81 32 81 2B 83 2D 81 30 87 61 81 30 81 2D 81 2B 81 30 83 2D 82 2B 28 81 2D 83 28 81 2B 87 61 81 37 81 37 81 34 81 39 83 37 82 39 37 81 30 83 32 34 32 87 61 81 37 81 37 81 34 81 39 83 37 85 37 83 34 81 32 81 34 32 30 83 61 81 2F 81 2F 81 2D 81 2F 82 2D 2F 81 32 81 32 81 2B 83 2D 81 30 87 61 81 39 81 39 81 37 81 39 82 37 39 81 3C 81 34 87 32 87 30 8F 61 8F 63",

   # Channel 2 (empty)
    "",

   
   # Channel 3 (empty)
    "",
    
   # Channel 4
   "24 83 2B 83 24 83 2B 83 1F 83 26 83 1F 83 26 83 24 83 2B 83 24 83 2B 83 24 83 24 83 24 83 2B 83 24 83 24 83 24 83 2B 83 24 83 24 83 24 83 2B 83 24 83 24 83 24 83 2B 83 24 83 2B 83 24 83 2B 83 24 83 2B 83 21 83 28 83 24 83 2B 83 26 83 2D 83 1F 83 26 83 21 83 28 83 1F 83 26 83 1F 83 26 83 28 83 2B 83 26 83 2D 83 1F 83 26 83 1F 83 26 83 24 83 24 83 24 83 2B 83 24 83 2B 83 24 83 2B 83 24 83 2B 83 21 83 28 83 24 83 2B 83 26 83 2D 83 1F 83 26 83 21 83 28 83 1F 83 26 83 1F 83 26 83 28 83 2B 83 21 83 28 83 1F 83 26 83 24 83 2B 83 28 83 2B 83 21 83 28 83 1F 83 26 83 28 83 2B 83 21 83 28 83 21 83 28 83 26 83 2D 83 26 83 2D 83 21 83 28 83 24 83 2B 83 28 83 2B 83 21 83 28 83 26 83 2D 83 26 83 2D 83 1F 83 26 83 1F 83 26 83 24 83 24 83 24 83 2B 83 24 83 2B 83 24 83 2B 83 24 83 2B 83 21 83 28 83 24 83 2B 83 26 83 2D 83 1F 83 26 83 21 83 28 83 1F 83 26 83 1F 83 26 83 28 83 2B 83 21 83 28 83 1F 83 26 83 24 83 2B 83 24 83 24 83 24 83 2B 83 24 83 2B 83 24 83 2B 83 24 83 2B 83 21 83 28 83 24 83 2B 83 26 83 2D 83 1F 83 26 83 21 83 28 83 1F 83 26 83 1F 83 26 83 28 83 2B 83 21 83 28 83 1F 83 26 83 24 83 2B 83 21 83 28 83 29 83 2F 83 26 83 2D 83 1F 83 26 83 24 83 2B 83 24 83 2B 83 61 8F 61 8F",


   # Channel 5
   "24 83 2B 83 24 83 2B 83 1F 83 26 83 1F 83 26 83 24 83 2B 83 24 83 2B 83 24 83 24 83 24 83 2B 83 24 83 24 83 24 83 2B 83 24 83 24 83 24 83 2B 83 24 83 24 83 24 83 2B 83 24 83 2B 83 24 83 2B 83 24 83 2B 83 21 83 28 83 24 83 2B 83 26 83 2D 83 1F 83 26 83 21 83 28 83 1F 83 26 83 1F 83 26 83 28 83 2B 83 26 83 2D 83 1F 83 26 83 1F 83 26 83 24 83 24 83 24 83 2B 83 24 83 2B 83 24 83 2B 83 24 83 2B 83 21 83 28 83 24 83 2B 83 26 83 2D 83 1F 83 26 83 21 83 28 83 1F 83 26 83 1F 83 26 83 28 83 2B 83 21 83 28 83 1F 83 26 83 24 83 2B 83 28 83 2B 83 21 83 28 83 1F 83 26 83 28 83 2B 83 21 83 28 83 21 83 28 83 26 83 2D 83 26 83 2D 83 21 83 28 83 24 83 2B 83 28 83 2B 83 21 83 28 83 26 83 2D 83 26 83 2D 83 1F 83 26 83 1F 83 26 83 24 83 24 83 24 83 2B 83 24 83 2B 83 24 83 2B 83 24 83 2B 83 21 83 28 83 24 83 2B 83 26 83 2D 83 1F 83 26 83 21 83 28 83 1F 83 26 83 1F 83 26 83 28 83 2B 83 21 83 28 83 1F 83 26 83 24 83 2B 83 24 83 24 83 24 83 2B 83 24 83 2B 83 24 83 2B 83 24 83 2B 83 21 83 28 83 24 83 2B 83 26 83 2D 83 1F 83 26 83 21 83 28 83 1F 83 26 83 1F 83 26 83 28 83 2B 83 21 83 28 83 1F 83 26 83 24 83 2B 83 21 83 28 83 29 83 2F 83 26 83 2D 83 1F 83 26 83 24 83 2B 83 24 83 2B 83 61 8F 61 8F",

   # Channel 6 (Drums)
    "18 81 05 81 18 81 05 81 18 81 05 81 18 81 05 81 18 81 05 81 18 81 05 81 18 81 05 81 18 81 05 81 18 81 05 81 18 81 05 81 18 81 05 81 18 81 05 81 18 81 05 81 18 81 05 81 18 81 05 81 18 81 05 81 18 81 05 81 18 81 05 81 18 81 05 81 18 81 05 81 18 81 05 81 18 81 05 81 18 81 05 81 18 81 05 81 18 81 05 81 18 81 05 81 18 81 05 81 18 81 05 81 18 81 05 81 18 81 05 81 18 81 05 81 18 81 05 81 18 81 05 81 18 81 05 81 18 81 05 81 18 81 05 81 18 81 05 81 18 81 05 81 18 81 05 81 18 81 05 81 18 81 05 81 18 81 05 81 18 81 05 81 18 81 05 81 18 81 05 81 18 81 05 81 18 81 05 81 18 81 05 81 18 81 05 81 18 81 05 81 18 81 05 81 18 81 05 81 18 81 05 81 18 81 05 81 18 81 05 81 18 81 05 81 18 81 05 81 18 81 05 81 18 81 05 81 18 81 05 81 18 81 05 81 18 81 05 81 18 81 05 81 18 81 05 81 18 81 05 81 18 81 05 81 18 81 05 81 18 81 05 81 18 81 05 81 18 81 05 81 18 81 05 81 18 81 05 81 18 81 05 81 18 81 05 81 18 81 05 81 18 81 05 81 18 81 05 81 18 81 05 81 18 81 05 81 18 81 05 81 18 81 05 81 18 81 05 81 18 81 05 81 18 81 05 81 18 81 05 81 18 81 05 81 18 81 05 81 18 81 05 81 18 81 05 81 18 81 05 81 18 81 05 81 18 81 05 81 18 81 05 81 18 81 05 81 18 81 05 81 18 81 05 81 18 81 05 81 18 81 05 81 18 81 05 81 18 81 05 81 18 81 05 81 18 81 05 81 18 81 05 81 18 81 05 81 18 81 05 81 18 81 05 81 18 81 05 81 18 81 05 81 18 81 05 81 18 81 05 81 18 81 05 81 18 81 05 81 18 81 05 81 18 81 05 81 18 81 05 81 18 81 05 81 18 81 05 81 18 81 05 81 18 81 05 81 18 81 05 81 18 81 05 81 18 81 05 81 18 81 05 81 18 81 05 81 18 81 05 81 18 81 05 81 18 81 05 81 18 81 05 81 18 81 05 81 18 81 05 81 18 81 05 81 18 81 05 81 18 81 05 81 18 81 05 81 18 81 05 81 18 81 05 81 18 81 05 81 18 81 05 81 18 81 05 81 18 81 05 81 18 81 05 81 18 81 05 81 18 81 05 81 18 81 05 81 18 81 05 81 18 81 05 81 18 81 05 81 18 81 05 81 18 81 05 81 18 81 05 81 18 81 05 81 18 81 05 81 18 81 05 81 18 81 05 81 18 81 05 81 18 81 05 81 18 81 05 81 18 81 05 81 18 81 05 81 18 81 05 81 18 81 05 81 18 81 05 81 18 81 05 81 18 81 05 81 18 81 05 81 18 81 05 81 18 81 05 81 18 81 05 81 18 81 05 81 18 81 05 81 18 81 05 81 18 81 05 81 18 81 05 81 18 81 05 81 18 81 05 81 18 81 05 81 18 81 05 81 18 81 05 81 18 81 05 81 18 81 05 81 18 81 05 81 18 81 05 81 18 81 05 81 18 81 05 81 18 81 05 81 18 81 05 81 18 81 05 81 18 81 05 81 18 81 05 81 18 81 05 81 18 81 05 81 18 81 05 81 18 81 05 81 18 81 05 81 18 81 05 81 18 81 05 81 18 81 05 81 18 81 05 81 18 81 05 81 18 81 05 81 20 8F",
