   # Channel 0
    "30 81 37 81 2B 81 37 81 30 81 37 81 2B 81 37 81 30 81 37 81 2B 81 37 81 30 81 37 81 2B 81 37 81 30 81 37 81 2B 81 37 81 30 81 37 81 2B 81 37 81 30 81 61 81 34 83 37 81 39 81 3C 83 39 8F 61 81 30 83 30 81 34 81 37 81 39 83 37 8F 61 81 39 83 37 81 39 81 37 81 34 83 32 8F 34 81 37 89 34 81 61 81 32 81 30 8D 61 83 34 83 37 81 39 81 3C 83 39 8F 61 81 30 83 30 81 34 81 37 81 39 83 37 8F 61 81 39 83 37 81 39 81 37 81 34 83 32 8F 34 81 37 89 34 81 61 81 32 81 30 8D 61 83 3C 81 61 81 3C 81 61 81 3C 81 61 81 3C 81 3B 83 3B 81 3B 81 39 83 39 81 39 81 37 83 37 81 37 83 37 81 39 81 37 81 35 83 39 95 3B 83 3B 81 39 83 39 81 39 81 37 83 37 81 37 81 35 83 35 81 35 83 35 81 37 81 35 81 34 83 37 89 61 81 61 81 34 83 37 81 39 81 3C 83 39 8F 61 81 30 83 30 81 34 81 37 81 39 83 37 8F 61 81 39 83 37 81 39 81 37 81 34 83 32 8F 34 81 37 89 34 81 61 81 32 81 30 8D 63",
   # Channel 1
    "30 81 37 81 2B 81 37 81 30 81 37 81 2B 81 37 81 30 81 37 81 2B 81 37 81 30 81 37 81 2B 81 37 81 30 81 37 81 2B 81 37 81 30 81 37 81 2B 81 37 81 30 81 61 81 34 83 37 81 39 81 3C 83 39 8F 61 81 30 83 30 81 34 81 37 81 39 83 37 8F 61 81 39 83 37 81 39 81 37 81 34 83 32 8F 34 81 37 89 34 81 61 81 32 81 30 8D 61 83 34 83 37 81 39 81 3C 83 39 8F 61 81 30 83 30 81 34 81 37 81 39 83 37 8F 61 81 39 83 37 81 39 81 37 81 34 83 32 8F 34 81 37 89 34 81 61 81 32 81 30 8D 61 83 3C 81 61 81 3C 81 61 81 3C 81 61 81 3C 81 3B 83 3B 81 3B 81 39 83 39 81 39 81 37 83 37 81 37 83 37 81 39 81 37 81 35 83 39 95 3B 83 3B 81 39 83 39 81 39 81 37 83 37 81 37 81 35 83 35 81 35 83 35 81 37 81 35 81 34 83 37 89 61 81 61 81 34 83 37 81 39 81 3C 83 39 8F 61 81 30 83 30 81 34 81 37 81 39 83 37 8F 61 81 39 83 37 81 39 81 37 81 34 83 32 8F 34 81 37 89 34 81 61 81 32 81 30 8D 63",

   # Channel 2
    "24 83 1F 83 24 83 1F 83 24 83 1F 83 24 83 1F 83 24 83 1F 83 24 83 1F 83 24 81 61 8D 24 83 1F 83 24 83 1F 83 24 83 1F 83 24 83 1F 83 24 83 24 83 23 83 23 83 21 83 1C 83 21 83 1C 83 26 83 21 83 26 83 21 83 1F 83 1A 83 1F 83 1A 83 24 83 24 83 1F 83 1F 83 24 81 61 8D 24 83 1F 83 24 83 1F 83 24 83 1F 83 24 83 1F 83 24 83 24 83 23 83 23 83 21 83 1C 83 21 83 1C 83 26 83 21 83 26 83 21 83 1F 83 1A 83 1F 83 1A 83 24 83 24 83 1F 83 1F 83 24 81 61 8D 1D 83 18 83 1D 83 18 83 21 83 1C 83 21 83 1C 83 26 83 21 83 26 83 21 83 26 83 21 83 26 83 21 83 1F 83 1A 83 1F 83 1A 83 1F 83 1A 83 1F 83 1A 83 24 83 24 83 1F 83 1F 83 24 81 61 8D 24 83 1F 83 24 83 1F 83 24 83 1F 83 24 83 1F 83 24 83 24 83 23 83 23 83 21 83 1C 83 21 83 1C 83 26 83 21 83 26 83 21 83 1F 83 1A 83 1F 83 1A 83 24 83 24 83 1F 83 1F 83 61 8F",

   
   # Channel 3 (empty)
    "",
    
   # Channel 4 (empty)
    "",

   # Channel 5 (empty)
    "",

   # Channel 6 (Drums)
    "10 81 08 81 10 81 08 81 10 81 08 81 10 81 08 81 10 81 08 81 10 81 08 81 10 81 08 81 10 81 08 81 10 81 08 81 10 81 08 81 10 81 08 81 10 81 08 81 18 87 20 87 11 81 01 81 19 81 09 81 11 81 01 81 19 81 09 81 11 81 01 81 19 81 09 81 11 81 01 81 19 81 09 81 11 81 01 81 19 81 09 81 11 81 01 81 19 81 09 81 11 81 01 81 19 81 09 81 11 81 01 81 19 81 09 81 11 81 01 81 19 81 09 81 11 81 01 81 19 81 09 81 11 81 01 81 19 81 09 81 11 81 01 81 19 81 09 81 11 81 01 81 19 81 09 81 11 81 01 81 19 81 09 81 18 82 08 18 81 08 81 18 82 08 18 81 08 81 11 81 01 81 19 81 09 81 11 81 01 81 19 81 09 81 11 81 01 81 19 81 09 81 11 81 01 81 19 81 09 81 11 81 01 81 19 81 09 81 11 81 01 81 19 81 09 81 11 81 01 81 19 81 09 81 11 81 01 81 19 81 09 81 11 81 01 81 19 81 09 81 11 81 01 81 19 81 09 81 11 81 01 81 19 81 09 81 11 81 01 81 19 81 09 81 11 81 01 81 19 81 09 81 11 81 01 81 19 81 09 81 18 82 08 18 81 08 81 18 82 08 18 81 08 81 11 81 01 81 19 81 09 81 11 81 01 81 19 81 09 81 11 81 01 81 19 81 09 81 11 81 01 81 19 81 09 81 11 81 01 81 19 81 09 81 11 81 01 81 19 81 09 81 11 81 01 81 19 81 09 81 11 81 01 81 19 81 09 81 11 81 01 81 19 81 09 81 11 81 01 81 19 81 09 81 11 81 01 81 19 81 09 81 11 81 01 81 19 81 09 81 18 82 08 18 81 08 81 18 82 08 18 81 08 81 18 87 20 87 11 81 01 81 19 81 09 81 11 81 01 81 19 81 09 81 11 81 01 81 19 81 09 81 11 81 01 81 19 81 09 81 11 81 01 81 19 81 09 81 11 81 01 81 19 81 09 81 11 81 01 81 19 81 09 81 11 81 01 81 19 81 09 81 11 81 01 81 19 81 09 81 11 81 01 81 19 81 09 81 11 81 01 81 19 81 09 81 11 81 01 81 19 81 09 81 11 81 01 81 19 81 09 81 11 81 01 81 19 81 09 81 20 8F",
