string: MUSIC cy:       SunKiss Chen   (05)-2237380

   # Channel 0 - 1
    "2D 81 2D 81 2F 81 30 81 32 81 30 81 2F 81 2B 81 2D 81 2D 81 2F 81 30 81 32 81 30 81 2F 81 2B 81 2D 97 61 81 61 81 61 81 61 81 61 8B 61 81 61 81 61 83 61 8B 61 83 61 83 61 81 61 81 61 83 61 87 61 81 61 81 61 81 61 81 61 87 61 83 61 83 61 81 61 81 61 87 61 81 61 81 61 85 61 85 61 83 61 87 61 81 61 81 61 81 61 81 61 8F 61 8F 61 83 61 83 61 81 61 81 61 83 61 61 8E 61 83 61 83 61 81 61 81 61 83 61 8F 61 83 61 81 61 81 61 83 61 83 61 83 61 81 61 81 61 87 61 83 61 81 61 81 61 81 61 81 61 81 61 81 61 87 61 83 61 83 61 8F 61 8F 45 85 40 81 45 87 43 83 40 81 3E 81 40 87 45 85 40 81 3E 81 3C 81 3B 83 39 81 3B 81 37 81 39 81 34 87 61 85 61 81 61 87 61 85 61 61 61 61 86 61 81 61 81 61 81 61 81 61 81 61 81 61 81 61 81 61 8F 61 8B 39 81 37 81 39 87 61 81 39 81 39 81 37 81 39 8B 3C 81 3E 81 40 83 3E 81 40 81 3E 81 3B 81 39 81 3B 81 34 37 8A 39 81 37 81 39 87 61 81 39 81 3C 81 3E 81 40 8B 40 81 3E 81 40 83 3E 81 40 81 3E 81 40 91 43 83 45 8F 61 8F 61 83 61 83 61 83 61 81 61 81 61 81 61 81 61 87 61 81 61 81 61 85 61 85 61 83 61 87 61 81 61 81 61 81 61 81 61 8F 61 8F 61 63",
   # Channel 1 - 2
    "61 81 61 81 61 81 61 81 61 81 61 81 61 81 61 81 61 81 61 81 61 81 61 81 61 81 61 81 61 81 61 81 61 8F 61 8F 61 8F 61 8F 61 8F 61 8F 61 8F 61 8B 35 81 37 81 39 85 37 85 35 83 34 87 61 87 39 8F 61 8F 61 8F 61 87 61 81 61 81 61 81 61 81 61 81 61 81 61 81 61 81 61 81 61 81 61 81 61 81 61 83 61 83 61 83 61 81 61 81 61 85 61 81 61 87 61 8F 61 8F 61 8F 61 61 61 61 61 61 61 61 61 61 61 61 61 0E 0E 0E 0E 81 61 8D 61 8F 61 8F 61 8F 61 8F 61 8F 61 8F 61 8F 61 61 61 61 61 61 61 61 61 61 61 61 61 61 61 61 61 81 61 81 61 81 61 61 61 87 61 8F 61 81 61 81 61 81 61 81 61 85 61 81 61 85 61 81 61 87 61 81 61 81 61 81 61 81 61 87 61 83 61 81 61 81 61 89 61 81 61 81 61 81 61 85 61 81 61 8B 61 83 61 81 61 81 61 81 61 81 61 61 86 61 8F 61 61 61 61 61 61 61 61 61 61 61 61 61 61 61 61 61 8B 61 81 61 81 61 81 61 81 61 8B 61 85 61 85 61 83 61 83 61 81 61 89 61 8F 61 8F 61",
   # Channel 2 - 3
    "21 81 21 81 23 81 24 81 26 81 24 81 23 81 1F 81 21 81 21 81 23 81 24 81 26 81 24 81 23 81 1F 81 21 8B 61 81 21 21 21 8F 21 81 61 8B 21 81 1F 81 61 8B 1F 81 1D 81 61 85 1D 81 1D 81 61 83 1C 81 1C 81 1C 81 1C 81 61 87 21 81 61 8B 21 81 1F 81 61 8B 1F 81 21 85 1F 85 1D 83 1C 83 1C 81 61 89 21 8B 61 81 1C 81 21 85 1C 81 21 81 1C 81 21 81 1C 81 21 83 1C 83 1F 83 1A 83 21 83 1C 83 21 83 1C 83 1D 83 18 83 1F 83 1A 83 21 83 1C 83 21 83 1C 83 26 83 21 83 26 83 21 83 21 83 1C 83 21 83 1C 83 21 83 1C 83 1F 83 1A 83 1C 83 23 83 1C 83 23 83 21 81 21 81 1C 81 1C 81 21 81 21 81 1C 81 1F 81 21 81 61 8D 1D 85 24 81 1D 87 1F 89 24 81 26 81 28 81 1D 85 24 81 1D 87 1C 85 23 81 1C 85 1A 81 1F 8F 1A 8F 21 85 21 81 1A 85 1A 81 1F 81 1F 81 1F 81 1F 81 1F 81 1F 81 1F 81 1F 81 1C 81 1C 81 1C 81 1C 1C 61 87 21 83 1C 83 21 83 1C 83 21 83 1C 83 21 83 1C 83 1D 83 24 83 1F 85 24 85 1F 83 24 83 1F 83 21 83 1C 83 21 83 1C 83 1C 83 23 83 1C 83 23 83 21 83 1C 83 21 83 1C 83 1C 81 1C 81 1C 81 1C 81 1C 1C 86 21 8B 61 83 21 81 1C 81 21 81 1C 81 21 81 1C 81 21 81 1C 81 21 83 1C 83 21 83 1C 83 1F 83 1A 83 1F 83 1A 83 21 85 1F 85 1D 83 1C 83 1C 81 61 89 21 85 1C 81 21 81 21 81 1C 81 1F 81 21 8F 61",
   # Channel 3 - 4
    "61 81 61 81 61 81 61 81 61 81 61 81 61 81 61 81 61 81 61 81 61 81 61 81 61 81 61 81 61 81 61 81 61 97 61 81 61 81 61 81 61 81 61 8B 61 81 61 81 61 83 61 8B 61 83 61 83 61 81 61 81 61 83 61 87 61 81 61 81 61 81 61 81 61 87 61 83 61 83 61 81 61 81 61 87 61 81 61 81 61 85 61 85 61 83 61 87 3E 81 40 81 37 81 3B 81 39 8F 61 8F 61 83 61 83 61 81 61 81 61 83 61 61 8E 61 83 61 83 61 81 61 81 61 83 61 8F 61 83 61 81 61 81 61 83 61 83 61 83 61 81 61 81 61 87 61 83 61 81 61 81 61 81 61 81 61 81 61 81 61 87 61 83 61 83 61 8F 61 8F 61 85 61 81 61 87 61 83 61 81 61 81 61 87 61 85 61 81 61 81 61 81 61 83 61 81 61 81 61 81 61 81 61 87 61 85 61 81 61 87 61 85 61 61 61 61 86 61 81 61 81 61 81 61 81 61 81 61 81 61 81 61 81 61 8F 61 8B 61 81 61 81 61 87 61 81 61 81 61 81 61 81 61 8B 61 81 61 81 61 83 61 81 61 81 61 81 61 81 61 81 61 81 61 61 8A 61 81 61 81 61 87 61 81 61 81 61 81 61 81 61 8B 61 81 61 81 61 83 61 81 61 81 61 81 61 91 61 83 61 8F 61 8F 61 83 61 83 61 83 61 81 61 81 61 81 61 81 61 87 61 81 61 81 61 85 61 85 61 83 61 87 4A 81 4C 81 43 81 47 81 45 8F 61 8F 61",
    
   # Channel 4
    "61 81 61 81 61 81 61 81 61 81 61 81 61 81 61 81 61 81 61 81 61 81 61 81 61 81 61 81 61 81 61 81 61 97 34 81 34 81 37 81 34 81 39 8B 39 81 34 81 37 83 32 8B 30 83 30 83 32 81 34 81 35 83 34 87 34 81 34 81 37 81 34 81 39 87 37 83 39 83 37 81 34 81 32 87 39 81 3B 81 3C 85 3B 85 39 83 37 87 61 81 61 81 61 81 61 81 61 8F 61 8F 39 83 3C 83 3E 81 40 81 37 83 3B 39 8E 3C 83 3C 83 3E 81 40 81 41 83 40 8F 3E 83 40 81 41 81 40 83 3C 83 3E 83 3E 81 3B 81 39 87 39 83 3E 81 40 81 3E 81 3B 81 39 81 37 81 34 87 37 83 3B 83 39 8F 61 8F 61 85 61 81 61 87 61 83 61 81 61 81 61 87 61 85 61 81 61 81 61 81 61 83 61 81 61 81 61 81 61 81 61 87 32 85 34 81 37 87 3E 85 40 3E 3B 3C 86 39 81 40 81 3E 81 3C 81 3E 81 39 81 3B 81 39 81 37 8F 61 8B 61 81 61 81 61 87 61 81 61 81 61 81 61 81 61 8B 61 81 61 81 61 83 61 81 61 81 61 81 61 81 61 81 61 81 61 61 8A 61 81 61 81 61 87 61 81 61 81 61 81 61 81 61 8B 61 81 61 81 61 83 61 81 61 81 61 81 61 91 61 83 61 8F 61 8F 40 83 45 83 45 83 43 81 45 81 43 81 40 81 3E 87 45 81 47 81 48 85 47 85 45 83 43 87 61 81 61 81 61 81 61 81 61 8F 61 8F 61",

   # Channel 5
    "2D 81 2D 81 2F 81 30 81 32 81 30 81 2F 81 2B 81 2D 81 2D 81 2F 81 30 81 32 81 30 81 2F 81 2B 81 2D 8F 61 8F 61 8F 61 8F 61 8F 61 8F 61 8F 61 8B 61 81 61 81 61 85 61 85 61 83 61 87 61 87 61 8F 61 8F 61 8F 61 87 3C 81 3E 81 40 81 43 81 41 81 40 81 41 81 40 81 41 81 40 81 41 81 40 81 61 83 40 83 45 83 43 81 40 81 3E 85 40 81 3E 87 61 8F 61 8F 61 8F 39 38 39 3B 39 38 39 3B 3C 3B 3C 3E 40 3E 40 43 45 81 61 8D 61 8F 61 8F 61 8F 61 8F 61 8F 61 8F 61 8F 37 36 37 39 3B 39 3B 3C 3E 3C 3E 40 41 40 41 42 43 81 43 81 43 81 43 43 61 87 61 8F 61 81 40 81 45 81 43 81 45 85 40 81 43 85 40 81 3E 87 3E 81 40 81 3C 81 3E 81 40 87 61 83 40 81 3E 81 3C 89 40 81 3C 81 3E 81 40 85 3E 81 40 8B 45 83 43 81 43 81 43 81 43 81 43 43 86 45 8F 39 38 39 3B 3C 3B 3C 3E 40 3E 40 43 43 40 43 47 45 8B 43 81 40 81 43 81 40 81 43 8B 45 85 43 85 41 83 43 83 43 81 61 89 61 8F 61 8F 61",

   # Channel 6 (Drums) -7
    "12 81 12 81 12 81 12 81 12 81 12 81 12 81 12 81 12 81 12 81 12 81 12 81 12 81 12 81 12 81 12 81 12 8A 00 82 0A 0A 0A 8A 00 84 0A 8A 00 82 0A 81 0A 8A 00 82 0A 81 0A 87 0A 81 0A 85 0A 81 0A 81 0A 81 0A 89 0A 8A 00 82 0A 81 0A 8A 00 82 0A 81 0A 85 0A 85 0A 83 0A 83 0A 8A 00 08 81 08 08 08 81 08 08 08 81 08 08 08 81 08 08 08 81 08 08 08 81 08 08 08 81 08 08 08 81 08 08 08 81 08 08 08 81 08 08 08 81 08 08 08 81 08 08 08 81 08 08 08 81 08 08 08 81 08 08 08 81 08 08 08 81 08 08 08 81 08 08 08 81 08 08 08 81 08 08 08 81 08 08 08 81 08 08 08 81 08 08 08 81 08 08 08 81 08 08 08 81 08 08 08 81 08 08 08 81 08 08 08 81 08 08 08 81 08 08 08 81 08 08 08 81 08 08 08 81 08 08 08 81 08 08 08 81 08 08 08 81 08 08 08 83 08 83 02 87 18 81 18 81 18 81 18 81 18 81 18 81 18 81 18 81 18 87 14 82 14 14 81 14 81 12 85 10 81 12 83 08 08 08 08 12 85 10 81 12 83 08 08 08 08 12 87 12 87 08 81 08 81 08 81 08 81 08 83 04 04 04 04 12 83 08 81 10 81 12 83 08 81 10 81 12 83 08 81 10 81 12 83 08 81 10 81 12 81 12 81 0A 81 12 81 12 81 12 81 0A 81 12 81 08 81 08 81 08 81 08 81 08 81 08 81 08 81 08 81 08 81 08 81 08 81 08 08 02 87 08 81 08 08 08 81 08 08 08 81 08 08 08 81 08 08 08 81 08 08 08 81 08 08 08 81 08 08 08 81 08 08 08 81 08 08 08 81 08 08 08 81 08 08 08 81 08 08 08 81 08 08 08 81 08 08 08 81 08 08 08 81 08 08 08 81 08 08 08 81 08 08 08 81 08 08 08 81 08 08 08 81 08 08 08 81 08 08 08 81 08 08 08 81 08 08 08 81 08 08 08 81 08 08 08 81 08 08 08 81 08 08 08 81 08 81 08 81 08 81 08 08 86 12 81 12 81 12 81 12 81 12 81 12 81 12 81 12 81 1A 81 1A 81 1A 81 1A 81 1A 81 1A 81 1A 81 1A 81 08 81 08 08 08 81 08 08 08 81 08 08 08 81 08 08 08 81 08 08 08 81 08 08 08 81 08 08 08 81 08 08 1A 85 1A 85 1A 83 18 83 18 8A 00 1A 81 1A 1A 1A 81 1A 1A 1A 81 1A 1A 1A 81 1A 1A 1A 8A 00 83 61 81 1A 1A 1A 8A 00 83 61",
