   # Channel 0 - 1
    "61 BF 35 81 3B 81 3B 82 37 35 85 61 81 35 82 3E 3E 81 3B 81 3C 83 61 83 35 81 35 35 35 81 35 81 3E 81 3C 81 3B 81 37 81 35 81 35 35 37 81 32 81 35 85 61 81 35 81 3B 81 3B 82 37 35 85 61 81 35 82 3E 3E 82 3B 3C 85 61 81 35 81 35 35 35 81 35 81 3E 81 3E 81 41 81 3E 81 3C 81 3C 3C 3E 81 3C 81 3B 83 61 83 41 3E 3B 35 41 3E 3B 35 3C 39 35 30 41 3E 3A 35 42 3C 39 32 43 3E 3A 37 43 3F 3A 32 43 3F 3A 32 3C 38 34 30 3C 39 35 30 41 3E 3A 35 41 3E 3A 35 41 3E 39 32 41 3E 39 32 41 3C 39 33 41 3C 39 33 3B 39 3B 3C 3D 3E 3F 40 41 3E 3A 35 41 3E 3A 35 3C 39 35 30 41 3E 3A 35 42 3C 39 32 43 3E 3A 37 43 3F 3A 32 43 3F 3A 32 3C 38 34 30 3C 39 35 30 41 3E 3A 35 41 3E 3A 35 41 3E 39 32 41 3E 39 32 43 3C 39 33 43 3C 39 33 41 3E 3A 35 41 3C 39 33 41 3E 3A 35 41 3E 3A 35 41 81 61 8D 41 3E 3B 35 41 3E 3B 35 41 3E 3B 35 41 3E 3B 35 39 83 61 83 63",
   # Channel 1 - 2
    "61 FE BF 35 81 3E 83 3E 83 3C 83 3E 83 3E 82 3C 3B 83 37 83 3B 83 3B 82 37 35 83 35 81 35 35 3B 81 3B 81 3E 81 3E 81 41 81 3E 81 3C 81 3C 3C 3E 81 3C 81 3B 83 61 83 3E 83 3E 83 3C 83 3E 83 3E 82 3C 3B 83 37 83 3B 83 3B 82 37 35 83 35 81 35 35 3B 81 3B 81 3E 81 3E 81 41 81 3E 81 3C 85 3C 81 3E 83 3C 83 3B 89 61 85 41 81 47 81 4A 81 47 81 4A 8F 4A 83 61 83",
   # Channel 2 - 3
    "61 F9 3C 81 3E 81 40 81 41 89 3C 81 3E 81 40 81 41 89 47 81 45 81 43 81 41 83 3F 83 3E 83 3B 83 41 81 3F 81 3E 81 3C 81 3B 83 61 AB 47 87 45 87 43 83 41 83 47 83 61 83 4A 83 4A 83 48 83 4A 83 4A 82 48 47 83 43 83 47 83 47 82 43 41 83 41 81 41 81 47 81 47 81 4A 81 4A 81 4D 81 4A 81 48 85 48 81 4A 83 48 83 47 89 61 8D 3E 8F 3E 83 61 83",
   # Channel 3 - 4
    "61 FE C1 3B 83 3B 83 39 83 3B 83 3B 82 39 37 83 32 83 37 83 37 82 34 35 83 35 81 35 35 3B 81 3B 81 3E 81 3E 81 41 81 3E 81 3C 81 3C 3C 3E 81 3C 81 3B 83 61 83 3B 83 3B 83 39 83 3B 83 3B 82 39 37 83 33 83 37 83 37 82 34 35 83 35 81 35 35 3B 81 3B 81 3E 81 3E 81 41 81 3E 81 35 85 35 81 3B 83 39 83 35 89 61 85 3E 81 41 81 47 81 41 81 41 8F 41 83 61 83",
    
   # Channel 4 (empty) -5
    "61 BF 17 82 11 17 82 11 17 82 11 17 82 11 17 82 11 17 82 11 15 82 11 15 82 11 17 82 11 17 82 11 17 82 11 17 82 11 17 82 11 17 82 11 1D 82 1B 1A 82 18 17 82 11 17 82 11 17 82 11 17 82 11 17 82 11 17 82 11 15 82 11 15 82 11 17 82 11 17 82 11 17 82 11 17 82 11 15 82 11 15 82 11 17 83 61 83 23 81 23 81 23 81 23 81 1D 81 1D 81 23 81 23 81 1A 81 1A 81 1F 81 1F 81 1B 81 1B 81 1B 81 1B 81 1C 81 1C 81 1D 81 1D 81 17 81 17 81 17 81 17 81 1A 81 1A 81 1A 81 1A 81 1D 81 1D 81 1D 81 11 81 23 83 61 83 23 81 23 81 23 81 23 81 1D 81 1D 81 23 81 23 81 1A 81 1A 81 1F 81 1F 81 1B 81 1B 81 1B 81 1B 81 18 81 18 81 1D 81 1D 81 17 81 17 81 17 81 17 81 1A 81 1A 81 1A 81 1A 81 1B 81 1B 81 1B 81 1B 81 1D 81 1D 81 1D 81 1D 81 17 81 17 81 17 81 17 81 17 81 61 8D 17 82 11 17 82 11 17 82 11 17 82 11 17 83 61 83",

   # Channel 5 (empty) -6 # hex 60 command
    "",

   # Channel 6 (Drums) -7
    "1A 83 1A 83 1A 81 08 08 08 08 08 08 1A 83 1A 83 1A 81 08 08 08 08 08 08 1A 83 1A 83 1A 83 1A 83 1A 81 1A 85 1A 87 18 81 08 08 18 81 08 08 18 81 08 08 08 08 08 08 18 81 08 08 18 81 08 08 18 81 08 08 08 08 08 08 18 81 08 08 18 81 08 08 18 81 08 08 08 08 08 08 18 81 08 08 18 81 08 08 18 81 08 08 08 08 08 08 18 81 08 08 18 81 08 08 18 81 08 08 08 08 08 08 18 81 08 08 18 81 08 08 18 81 08 08 08 08 08 08 18 81 08 08 18 81 08 08 18 81 08 08 08 08 08 08 18 81 08 08 18 81 08 08 18 81 08 08 08 08 08 08 12 83 0A 83 12 81 01 81 09 81 01 81 11 81 01 81 09 81 01 81 11 81 01 81 09 81 01 81 11 81 01 81 09 81 01 81 11 81 01 81 09 81 01 81 12 83 0A 83 1A 83 61 83 12 81 01 81 09 81 01 81 11 81 01 81 09 81 01 81 11 81 01 81 09 81 01 81 11 81 01 81 09 81 01 81 11 81 01 81 09 81 01 81 11 81 01 81 09 81 01 81 11 81 01 81 09 81 01 81 11 81 01 81 09 81 01 81 11 81 01 81 09 81 01 81 11 81 01 81 09 81 01 81 11 81 01 81 09 81 01 81 19 81 61 8D 1A 83 1A 83 1A 83 61 83 1A 83 61 83",
