   # Channel 0 - 1
    "61 BF 3B 81 3B 3B 3B 81 36 34 32 85 2F 81 34 81 34 37 36 34 32 81 34 87 34 83 37 81 34 81 40 81 3B 39 37 82 34 39 82 3B 3C 81 3B 39 39 87 3B 81 3B 3B 3B 81 36 34 32 85 2F 81 34 81 34 37 36 34 32 81 34 87 34 83 37 81 34 81 40 81 3B 39 37 81 34 81 39 81 39 3C 3B 82 39 37 87 3E 81 3E 40 40 81 3B 39 37 85 34 81 3E 81 3E 40 40 81 3C 3B 39 87 39 82 37 39 81 3B 81 3E 81 3E 40 3E 81 3B 81 39 82 37 39 37 39 3B 3E 81 3E 85 3E 81 3E 40 40 81 3B 39 37 85 34 81 3E 81 3E 40 40 81 3C 3B 39 87 39 82 37 39 81 3B 81 3E 81 3E 40 3E 81 3B 81 39 82 3B 36 34 32 34 37 81 37 85 61 FE 81 3B 81 3B 3B 3B 81 36 34 32 85 2F 81 34 81 34 37 36 34 32 81 34 87 34 83 37 81 34 81 40 81 3B 39 37 82 34 39 82 3B 3C 81 3B 39 39 87 3B 81 3B 3B 3B 81 36 34 32 85 2F 81 34 81 34 37 36 34 32 81 34 87 34 83 37 81 34 81 40 81 3B 39 37 81 34 81 39 81 39 3C 3B 82 39 37 87 3E 81 3E 40 40 81 3B 39 37 85 34 81 3E 81 3E 40 40 81 3C 3B 39 87 39 82 37 39 81 3B 81 3E 81 3E 40 3E 81 3B 81 39 82 37 39 37 39 3B 3E 81 3E 85 3E 81 3E 40 40 81 3B 39 37 85 34 81 3E 81 3E 40 40 81 3C 3B 39 87 39 82 37 39 81 3B 81 3E 81 3E 40 3E 81 3B 81 39 82 3B 36 34 32 34 37 81 34 85 39 81 39 83 39 81 40 83 39 83 40 85 3E 81 9B 61 83 63",
   # Channel 1 - 2
    "3E 81 3E 40 40 81 3B 39 37 85 34 81 3E 81 3E 40 40 81 3C 3B 39 87 61 D9 40 81 43 81 45 81 47 89 4A 81 47 81 42 81 43 89 40 81 43 81 45 47 48 87 47 87 45 87 43 3E 40 42 43 45 47 48 4A 88 4C 81 4A 4A 48 47 45 4A 88 4C 81 4A 4A 48 48 45 42 87 40 87 45 89 43 81 45 81 48 81 4A 88 4C 81 4A 4A 48 47 45 4A 88 4C 81 4A 4A 48 48 45 42 87 40 87 45 89 47 81 45 81 43 81 3E 81 3E 40 40 81 3B 39 37 85 34 81 3E 81 3E 40 40 81 3C 3B 39 87 39 82 37 39 81 3B 81 36 81 34 32 2F 81 32 81 34 81 40 40 40 81 3E 81 3B 87 3E 81 3E 40 40 81 3B 39 37 85 34 81 3E 81 3E 40 40 81 3C 3B 39 87 61 D9 40 81 43 81 45 81 47 89 4A 81 47 81 42 81 43 89 40 81 43 81 45 47 48 87 47 87 45 87 43 3E 40 42 43 45 47 48 4A 88 4C 81 4A 4A 48 47 45 4A 88 4C 81 4A 4A 48 48 45 42 87 40 87 45 89 43 81 45 81 48 81 4A 88 4C 81 4A 4A 48 47 45 4A 88 4C 81 4A 4A 48 48 45 42 87 40 87 45 89 47 81 45 81 43 81 45 97 42 9B 61 83 63",
   # Channel 2 - 3
    "61 9F 39 82 37 39 81 3B 81 36 81 34 32 2F 81 32 81 34 82 3B 36 34 32 34 37 87 61 FE FE E3 39 82 37 39 81 3B 81 36 81 34 32 2F 81 32 81 34 82 3B 36 34 32 34 37 87 61 FE FE 83 40 97 3E 9B 61 83",   
   # Channel 3 - 4
    "2F 37 3B 37 43 37 3B 37 30 37 3C 37 40 37 3C 37 2F 38 3E 38 40 38 3E 38 2D 39 3C 39 40 39 3E 39 2D 39 3C 39 40 39 3E 39 36 3B 3E 3B 42 3B 3E 39 2F 37 3E 3B 32 39 3E 39 2F 37 3B 37 43 37 3B 37 36 3B 3E 3B 42 3B 3E 39 36 3B 3E 3B 42 3B 3E 39 2F 37 3B 37 34 40 3B 37 2F 37 3B 37 34 40 3B 37 30 37 3C 37 40 37 3C 37 2F 37 3B 37 34 40 3B 37 2D 39 3C 39 40 39 3E 39 32 39 3E 39 42 39 3E 39 36 3B 3E 3B 42 3B 3E 39 36 3B 3E 3B 42 3B 3E 39 2F 37 3B 37 34 40 3B 37 2F 37 3B 37 34 40 3B 37 30 37 3C 37 40 37 3C 37 2F 37 3B 37 34 40 3B 37 2D 39 3C 39 3B 3C 3C 39 2F 37 3B 37 43 37 3B 37 2F 37 3B 37 43 37 3B 37 30 37 3C 37 40 37 3C 37 2F 38 3E 38 40 38 3E 38 2D 39 3C 39 40 39 3E 39 32 39 3E 39 42 39 3E 39 2F 37 3B 37 34 40 3B 37 2D 39 3C 39 40 39 3E 39 32 39 3E 39 42 39 3E 39 2F 37 3B 37 43 37 3B 37 30 37 3C 37 40 37 3C 37 2F 38 3E 38 40 38 3E 38 2D 39 3C 39 40 39 3E 39 32 39 3E 39 42 39 3E 39 2F 37 3B 37 34 40 3B 37 32 39 3C 39 42 39 3C 39 2F 37 3B 37 43 37 3B 37 2F 37 3B 37 43 37 3B 37 30 37 3C 37 40 37 3C 37 2F 38 3E 38 40 38 3E 38 2D 39 3C 39 40 39 3E 39 2D 39 3C 39 40 39 3E 39 36 3B 3E 3B 42 3B 3E 39 2F 38 3E 38 40 38 3E 38 2F 37 3E 3B 32 39 3E 39 2F 37 3B 37 43 37 3B 37 30 37 3C 37 40 37 3C 37 2F 38 3E 38 40 38 3E 38 2D 39 3C 39 40 39 3E 39 2D 39 3C 39 40 39 3E 39 36 3B 3E 3B 42 3B 3E 39 2F 37 3E 3B 32 39 3E 39 2F 37 3B 37 43 37 3B 37 36 3B 3E 3B 42 3B 3E 39 36 3B 3E 3B 42 3B 3E 39 2F 37 3B 37 34 40 3B 37 2F 37 3B 37 34 40 3B 37 30 37 3C 37 40 37 3C 37 2F 37 3B 37 34 40 3B 37 2D 39 3C 39 40 39 3E 39 32 39 3E 39 42 39 3E 39 36 3B 3E 3B 42 3B 3E 39 36 3B 3E 3B 42 3B 3E 39 2F 37 3B 37 34 40 3B 37 2F 37 3B 37 34 40 3B 37 30 37 3C 37 40 37 3C 37 2F 37 3B 37 34 40 3B 37 2D 39 3C 39 3B 3C 3C 39 2F 37 3B 37 43 37 3B 37 2F 37 3B 37 43 37 3B 37 30 37 3C 37 40 37 3C 37 2F 38 3E 38 40 38 3E 38 2D 39 3C 39 40 39 3E 39 32 39 3E 39 42 39 3E 39 2F 37 3B 37 34 40 3B 37 2D 39 3C 39 40 39 3E 39 32 39 3E 39 42 39 3E 39 2F 37 3B 37 43 37 3B 37 30 37 3C 37 40 37 3C 37 2F 38 3E 38 40 38 3E 38 2D 39 3C 39 40 39 3E 39 32 39 3E 39 42 39 3E 39 2F 37 3B 37 34 40 3B 37 32 39 3C 39 42 39 3C 39 2F 37 3B 37 43 37 3B 37 3C 97 3B 9B 61 83",   
    
   # Channel 4
    "13 81 1A 1A 1A 1A 13 81 13 81 18 18 18 18 13 81 14 81 1A 1A 1A 1A 14 81 15 81 18 18 18 18 15 81 18 85 17 18 1A 85 18 1A 1C 83 1A 83 13 87 17 85 61 81 1A 85 61 81 1C 85 61 81 17 85 61 81 18 85 61 81 13 85 61 81 15 85 61 81 1A 85 61 81 17 85 2A 81 17 85 1A 81 1C 85 17 81 1C 85 17 81 18 85 1F 81 1C 85 17 81 15 85 1A 81 13 87 13 81 1A 1A 1A 1A 13 81 13 81 18 18 18 18 13 81 14 81 1A 1A 1A 1A 14 81 15 81 18 18 18 18 15 81 1A 85 1A 81 1C 85 13 81 15 85 15 81 1A 85 61 81 13 81 1A 1A 1A 1A 13 81 13 81 18 18 18 18 13 81 14 81 1A 1A 1A 1A 14 81 15 81 18 18 18 18 15 81 1A 85 1A 81 1C 85 13 81 15 85 1A 81 13 85 61 81 13 81 1A 1A 1A 1A 13 81 13 81 18 18 18 18 13 81 14 81 1A 1A 1A 1A 14 81 15 81 18 18 18 18 15 81 18 85 17 18 1A 85 18 1A 1C 83 1C 81 1A 81 17 83 13 15 17 18 13 81 1A 1A 1A 1A 13 81 13 81 18 18 18 18 13 81 14 81 1A 1A 1A 1A 14 81 15 81 18 18 18 18 15 81 18 85 17 18 1A 83 18 83 1C 83 1A 83 13 87 17 85 61 81 1A 85 61 81 1C 85 61 81 17 85 61 81 18 85 61 81 13 85 61 81 15 85 61 81 1A 85 61 81 17 85 2A 81 17 85 1A 81 1C 85 17 81 1C 85 17 81 18 85 1F 81 1C 85 17 81 15 85 1A 81 13 87 13 81 1A 1A 1A 1A 13 81 13 81 18 18 18 18 13 81 14 81 1A 1A 1A 1A 14 81 15 81 18 18 18 18 15 81 1A 85 1A 81 1C 85 13 81 15 85 15 81 1A 85 61 81 13 81 1A 1A 1A 1A 13 81 13 81 18 18 18 18 13 81 14 81 1A 1A 1A 1A 14 81 15 81 18 18 18 18 15 81 1A 85 1A 81 1C 85 13 81 15 85 1A 81 13 85 61 81 15 83 61 93 1A 87 61 8F 1A 83 61 83",   

   # Channel 5 (empty) -6 # hex 60 command
   "",
   # Channel 6 (Drums) -7
    "11 81 01 81 09 81 01 81 11 81 01 81 09 81 01 81 11 81 01 81 09 81 01 81 11 81 01 81 09 81 01 81 11 81 01 81 09 81 01 81 11 81 01 81 09 81 01 81 11 83 61 83 11 83 61 BF 01 81 01 01 11 81 01 81 09 81 01 81 11 81 01 81 09 81 01 81 11 81 01 81 09 81 01 81 11 81 01 81 09 81 01 81 11 81 01 81 09 81 01 81 11 81 01 81 09 81 01 81 11 81 01 81 09 81 01 81 1A 81 04 04 18 08 04 04 12 81 01 01 11 81 01 10 11 81 09 10 09 81 01 81 11 81 01 01 09 81 01 10 11 81 05 10 09 81 01 10 11 81 01 01 09 81 01 10 11 81 05 10 09 81 01 10 11 81 01 01 09 81 01 81 1A 81 1A 81 08 08 04 04 12 81 01 01 11 81 01 10 11 81 09 10 09 81 01 81 11 81 01 01 09 81 01 10 11 81 05 10 09 81 01 10 11 81 01 01 09 81 01 10 11 81 05 10 09 81 01 10 11 81 01 01 09 81 01 10 1A 08 08 08 08 08 04 04 11 81 01 81 09 81 01 81 11 81 01 81 09 81 01 81 11 81 01 81 09 81 01 81 11 81 01 81 09 81 01 81 11 81 01 81 09 81 01 81 11 81 01 81 09 81 01 81 11 81 01 81 09 81 01 81 12 81 08 08 14 04 04 04 11 81 01 81 09 81 01 81 11 81 01 81 09 81 01 81 11 81 01 81 09 81 01 81 11 81 01 81 09 81 01 81 11 81 01 81 09 81 01 81 11 81 01 81 09 81 01 81 11 83 11 83 11 83 61 BF 01 01 09 10 11 81 01 81 01 81 11 81 11 81 01 81 01 81 11 81 11 81 01 81 01 81 11 81 11 81 01 81 01 81 11 81 11 81 01 81 01 81 11 81 11 81 01 81 01 81 11 81 11 81 01 81 01 81 11 81 18 81 04 14 18 08 14 04 12 81 01 01 11 81 01 10 11 81 09 10 09 81 01 81 11 81 01 01 09 81 01 10 11 81 05 10 09 81 01 10 11 81 01 01 09 81 01 10 11 81 05 10 09 81 01 81 11 81 01 01 09 81 01 81 11 81 08 08 18 18 18 18 12 81 01 01 11 81 01 10 11 81 01 81 09 81 11 10 11 81 09 10 09 81 01 81 11 81 01 01 09 81 01 10 11 81 05 10 09 81 01 10 11 81 01 01 09 81 01 10 12 87 1A 81 1A 81 08 08 04 04 12 81 12 85 12 87 61 87 12 87 61 8F 12 81 12 81 61 83",
