   # Channel 0 - 1
    "61 81 3C 81 3C 3C 3C 81 37 81 3C 81 40 81 3E 81 3C 81 40 81 3E 81 3C 81 43 8F 61 83 62",
   # Channel 1 - 2
    "61 81 24 81 24 24 24 81 1F 81 1F 81 24 81 1F 81 1F 81 24 81 1F 81 1F 81 24 8F 61 83",
   # Channel 2 - 3
    "61 81 34 81 34 81 34 81 30 81 34 81 34 81 34 81 30 81 34 81 30 81 30 81 34 8F 61 83",
   # Channel 3 - 4
    "61 81 30 81 30 30 30 83 61 81 30 83 61 81 30 83 30 81 30 8F 61 83",
    
   # Channel 4 (empty) -5
    "61 81 34 81 34 34 34 83 61 81 34 83 61 81 34 83 34 81 34 8F 61 83",

   # Channel 5 (empty) -6
    "61 81 37 81 37 37 37 83 61 81 37 83 61 81 37 83 37 81 37 8F 61 83",

   # Channel 6 (Drums) -7
    "08 08 12 81 08 08 12 81 08 81 08 81 12 81 08 81 08 81 12 81 08 81 08 81 12 81 61 85 08 08 08 08 04 04 04 04 18 83",