    "61 8B 34 83 40 85 3E 81 3C 81 3B 81 39 83 39 81 3C 81 3B 81 39 81 37 81 39 81 34 81 32 81 34 8B 34 83 40 85 3E 81 3C 81 3B 81 39 83 39 81 3C 81 3B 81 39 81 37 81 39 81 34 81 32 81 34 87 61 87 3E 83 3E 81 3C 81 35 83 35 81 39 81 40 83 3E 81 3C 81 35 83 39 81 3C 81 3B 81 3B 39 37 81 37 81 37 81 37 81 39 81 37 81 39 8B 61 83 3E 83 3E 81 3C 81 35 83 35 81 39 81 40 83 3E 81 3C 81 35 83 39 81 3C 81 3B 81 3B 39 37 81 37 81 37 81 37 81 39 81 37 81 3C 3B 39 81 39 8B 63",
   # Channel 1 - 2
    "21 82 21 24 81 28 81 21 82 21 24 81 28 81 21 82 21 24 81 28 81 21 82 21 24 81 28 81 1D 82 1D 21 81 24 81 1F 82 1F 23 81 26 81 18 82 18 1F 24 1F 81 24 82 24 1F 24 1F 81 21 82 21 24 81 28 81 21 82 21 24 81 28 81 1D 82 1D 21 81 24 81 1F 82 1F 23 81 26 81 18 82 18 1F 24 1F 81 24 82 24 1F 24 1F 81 1A 82 26 21 26 21 81 1A 82 1A 1D 81 21 81 1A 82 26 21 26 21 81 1A 82 1A 1D 81 21 81 1F 82 1F 23 81 26 81 1F 82 1F 23 81 26 81 21 82 21 24 81 28 81 61 81 24 21 23 81 21 81 1A 82 26 21 26 21 81 1A 82 1A 1D 81 21 81 1A 82 26 21 26 21 81 1A 82 1A 1D 81 21 81 1F 82 1F 23 81 26 81 1F 82 1F 23 81 26 81 21 82 21 24 81 28 81 21 87",
   # Channel 2 - 3
    "61 B5 30 32 34 34 81 32 32 30 34 81 61 A1 30 32 34 82 30 30 32 34 81 61 8A 3E 3E 81 3E 81 3E 81 3C 81 35 87 61 9F 3B 39 37 34 33 34 3B 81 61 BF",
   # Channel 3 - 4 (empty) Hex 60 Command
    "",
    
   # Channel 4 (empty) -5  Hex 60 Command
    "",

   # Channel 5 (empty) -6  Hex 60 Command
    "",

   # Channel 6 (Drums) -7
    "61 8F 11 81 01 81 09 81 09 81 11 81 11 81 09 81 01 81 11 81 01 81 09 81 09 81 11 81 11 81 09 81 01 81 11 81 01 81 09 81 09 81 10 81 08 81 08 08 08 08 11 81 01 81 09 81 09 81 11 81 11 81 09 81 01 81 11 81 01 81 09 81 09 81 11 81 11 81 09 81 01 81 11 81 01 81 09 81 09 81 10 81 08 81 08 08 08 08 12 81 09 08 09 08 11 81 11 81 01 81 09 81 09 81 12 81 09 08 09 08 11 81 11 81 01 81 09 81 09 81 12 81 09 08 09 08 11 81 11 81 01 81 09 81 09 81 11 81 01 81 09 81 09 81 10 81 08 81 08 08 08 08 12 81 09 08 09 08 11 81 11 81 01 81 09 81 09 81 12 81 09 08 09 08 11 81 11 81 01 81 09 81 09 81 12 81 09 08 09 08 11 81 11 81 01 81 09 81 09 81 10 81 08 08 08 81 08 81 12 87",
