   # Channel 0 - 1 
    "3C 83 37 83 39 83 37 83 3C 83 37 83 39 83 37 83 34 83 61 81 30 81 37 83 61 81 34 81 3C 81 34 81 3B 81 34 81 39 81 37 81 34 81 30 81 35 83 61 81 2F 81 37 83 61 81 2F 81 3B 81 32 81 39 81 32 81 37 81 35 81 2D 81 2F 81 34 83 61 81 30 81 37 83 61 81 34 81 3C 81 34 81 3B 81 34 81 39 81 37 81 34 81 30 81 35 81 2F 81 32 81 35 81 39 81 37 81 2D 81 2F 81 30 8F 40 85 3C 81 43 85 40 81 48 81 40 81 47 81 40 81 45 81 43 81 40 81 3C 81 41 83 61 81 3B 81 43 83 61 81 3B 81 47 81 3E 81 45 81 3E 81 43 81 41 81 39 81 3B 81 40 85 3C 81 43 85 40 81 48 83 47 83 45 81 43 81 40 81 3C 81 41 81 3B 81 3E 81 41 81 45 81 43 81 39 81 3B 81 3C 8B 40 81 61 81 40 81 61 81 3E 87 3E 81 61 81 3C 81 61 81 3C 87 3C 81 61 81 3B 81 61 81 39 85 39 81 39 81 39 81 39 81 61 81 37 87 34 81 61 81 34 81 61 81 32 87 32 81 61 81 3C 81 61 81 3C 87 3C 81 61 81 3B 81 61 81 39 87 37 83 30 8F 63",
   # Channel 1 - 2
   "61 8F 61 8F 61 8F 61 8F 61 8F 61 8F 61 8F 61 8F 61 8F 61 8F 61 8F 61 8F 61 8F 61 8F 61 8F 61 8F 61 8F 61 8F 43 8B 41 83 45 87 40 83 40 83 43 83 3E 83 3C 83 3C 81 3C 81 3C 83 3C 8B 43 83 3E 87 41 83 45 83 40 8B 61 8F 61 8F 61 8F",

   # Channel 2 - 3
    "61 9F 24 87 1F 87 24 87 1F 87 1F 87 1A 87 1F 87 1A 87 24 87 1F 87 24 87 1F 87 1F 87 1A 87 24 87 1F 87 24 87 1F 87 24 87 1F 87 1F 87 1A 87 1F 87 1A 87 24 87 1F 87 24 87 1F 87 1F 87 1A 87 24 87 1F 87 1F 87 1A 87 24 87 1F 87 1F 87 1A 87 24 87 1F 87 1F 87 1A 87 24 87 1F 87 1F 87 1A 87 24 87 1F 87 61 8F",
   # Channel 3 - 4
    "61 9F 24 87 1F 87 24 87 1F 87 1F 87 1A 87 1F 87 1A 87 24 87 1F 87 24 87 1F 87 1F 87 1A 87 24 87 1F 87 24 87 1F 87 24 87 1F 87 1F 87 1A 87 1F 87 1A 87 24 87 1F 87 24 87 1F 87 1F 87 1A 87 24 87 1F 87 1F 87 1A 87 24 87 1F 87 1F 87 1A 87 24 87 1F 87 1F 87 1A 87 24 87 1F 87 1F 87 1A 87 24 87 1F 87 61 8F",
    
   # Channel 4 - 5
    "",

   # Channel 5 - 6
    "",

   # Channel 6 (Drums) -7 - 5
    "10 83 10 83 10 83 10 83 10 83 10 83 18 81 18 18 08 81 08 81 18 08 08 81 08 81 08 81 18 81 18 18 08 81 08 81 18 08 08 81 08 81 08 81 18 81 18 18 08 81 08 81 18 08 08 81 08 81 08 81 18 81 18 18 08 81 08 81 18 08 08 81 08 81 08 81 18 81 18 18 08 81 08 81 18 08 08 81 08 81 08 81 18 81 18 18 08 81 08 81 18 08 08 81 08 81 08 81 18 81 18 18 08 81 08 81 18 08 08 81 08 81 08 81 18 81 18 18 08 81 08 81 18 08 08 81 08 81 08 81 18 81 18 18 08 81 08 81 18 08 08 81 08 81 08 81 18 81 18 18 08 81 08 81 18 08 08 81 08 81 08 81 18 81 18 18 08 81 08 81 18 08 08 81 08 81 08 81 18 81 18 18 08 81 08 81 18 08 08 81 08 81 08 81 18 81 18 18 08 81 08 81 18 08 08 81 08 81 08 81 18 81 18 18 08 81 08 81 18 08 08 81 08 81 08 81 18 81 18 18 08 81 08 81 18 08 08 81 08 81 08 81 18 81 18 18 08 81 08 81 18 08 08 81 08 81 08 81 18 81 18 18 08 81 08 81 18 08 08 81 08 81 08 81 18 81 18 18 08 81 08 81 18 08 08 81 08 81 08 81 18 81 18 18 08 81 08 81 18 08 08 81 08 81 08 81 18 81 18 18 08 81 08 81 18 08 08 81 08 81 08 81 18 81 18 18 08 81 08 81 18 08 08 81 08 81 08 81 18 81 18 18 08 81 08 81 18 08 08 81 08 81 08 81 18 81 18 18 08 81 08 81 18 08 08 81 08 81 08 81 18 81 18 18 08 81 08 81 18 08 08 81 08 81 08 81 20 8F",

