   # Channel 0 - 1 
   "61 85 40 3E 40 83 39 83 61 85 41 40 41 81 40 81 3E 83 61 85 41 40 41 83 39 83 61 85 3E 3C 3E 81 3C 81 3B 81 3E 81 3C 83 61 81 40 3E 40 83 39 83 61 85 41 40 41 81 40 81 3E 83 61 85 41 40 41 83 39 83 61 85 3E 3C 3E 81 3C 81 3B 81 3E 81 3C 85 3B 3C 3E 85 3C 3E 40 81 3E 81 3C 81 3B 81 39 83 41 83 40 87 40 82 41 82 40 3E 40 8F 61 85 40 3E 40 83 39 83 61 85 41 40 41 81 40 81 3E 83 61 85 41 40 41 83 39 83 61 85 3E 3C 3E 81 3C 81 3B 81 3E 81 3C 83 61 81 40 3E 40 83 39 83 61 85 41 40 41 81 40 81 3E 83 61 85 41 40 41 83 39 83 61 85 3E 3C 3E 81 3C 81 3B 81 3E 81 3C 85 3B 3C 3E 85 3C 3E 40 81 3E 81 3C 81 3B 81 39 83 41 83 40 8B 40 41 40 3E 40 8F 61 85 40 3E 40 83 39 83 61 85 41 40 41 81 40 81 3E 83 61 85 41 40 41 83 39 83 61 85 3E 3C 3E 81 3C 81 3B 81 3E 81 3C 83 61 81 40 3E 40 83 39 83 61 85 41 40 41 81 40 81 3E 83 61 85 41 40 41 83 39 83 61 85 3E 3C 3E 81 3C 81 3B 81 3E 81 3C 85 3B 3C 3E 85 3C 3E 40 81 3E 81 3C 81 3B 81 39 83 41 83 40 8B 40 41 40 3E 40 8F 61 62",
   # Channel 1 - 2
   "15 83 61 87 13 83 11 83 61 8B 0E 83 61 8B 13 83 61 83 14 83 61 83 15 83 61 87 13 83 11 83 61 8B 0E 83 61 8B 13 83 61 83 14 83 61 83 15 83 61 83 17 83 61 83 18 83 61 83 11 83 61 83 10 81 10 81 10 81 10 81 10 81 10 81 10 81 10 81 10 81 10 10 10 81 10 10 10 10 10 10 10 10 10 10 15 81 21 81 15 81 21 81 15 81 21 81 15 81 21 81 11 81 1D 81 11 81 1D 81 11 81 1D 81 11 81 1D 81 0E 81 1A 81 0E 81 1A 81 0E 81 1A 81 0E 81 1A 81 13 81 1F 81 13 81 1F 81 13 81 1F 81 13 81 1F 81 15 81 21 81 15 81 21 81 15 81 21 81 15 81 21 81 11 81 1D 81 11 81 1D 81 11 81 1D 81 11 81 1D 81 0E 81 1A 81 0E 81 1A 81 0E 81 1A 81 0E 81 1A 81 13 81 1F 81 13 81 1F 81 13 81 1F 81 13 81 1F 81 15 61 21 21 15 61 21 21 17 61 23 23 17 61 23 23 18 81 18 81 18 81 18 81 11 81 11 81 11 81 11 81 10 81 10 81 10 81 10 81 10 81 10 81 10 11 10 0E 10 81 10 10 10 81 10 10 10 81 10 10 10 81 10 10 15 81 21 81 15 81 21 81 15 81 21 81 15 81 21 81 11 81 1D 81 11 81 1D 81 11 81 1D 81 11 81 1D 81 0E 81 1A 81 0E 81 1A 81 0E 81 1A 81 0E 81 1A 81 13 81 1F 81 13 81 1F 81 13 81 1F 81 13 81 1F 81 15 81 21 81 15 81 21 81 15 81 21 81 15 81 21 81 11 81 1D 81 11 81 1D 81 11 81 1D 81 11 81 1D 81 0E 81 1A 81 0E 81 1A 81 0E 81 1A 81 0E 81 1A 81 13 81 1F 81 13 81 1F 81 13 81 1F 81 13 81 1F 81 15 61 21 21 15 61 21 21 17 61 23 23 17 61 23 23 18 81 18 81 18 81 18 81 11 81 11 81 11 81 11 81 10 81 10 81 10 81 10 81 10 81 10 81 10 11 10 0E 10 81 10 10 10 81 10 10 10 81 10 10 10 81 10 10 21 61 21 21 21 61 21 21 21 61 21 21 1F 81 21 81 61 81",

   # Channel 2 - 3
   "30 83 61 8B 30 83 61 8B 32 83 61 8B 2F 83 61 83 2F 83 61 83 30 83 61 8B 30 83 61 8B 32 83 61 8B 2F 83 61 83 2F 83 61 83 30 83 61 83 32 83 61 83 30 83 61 83 30 83 61 83 2F 83 61 8B 32 83 61 8B 30 83 61 8B 30 83 61 8B 32 83 61 8B 2F 83 61 83 2F 83 61 83 30 83 61 8B 30 83 61 8B 32 83 61 8B 2F 83 61 83 2F 83 61 83 30 83 61 83 32 83 61 83 30 83 61 83 30 83 61 83 2F 83 61 8B 32 83 61 8B 30 83 61 8B 30 83 61 8B 32 83 61 8B 2F 83 61 83 2F 83 61 83 30 83 61 8B 30 83 61 8B 32 83 61 8B 2F 83 61 83 2F 83 61 83 30 83 61 83 32 83 61 83 30 83 61 83 30 83 61 83 2F 83 61 8B 32 83 61 8B 61 8B 34 81 34 61 61",
   # Channel 3 - 4
   "34 83 61 8B 35 83 61 8B 35 83 61 8B 32 83 61 83 34 83 61 83 34 83 61 8B 35 83 61 8B 35 83 61 8B 32 83 61 83 34 83 61 83 34 83 61 83 37 83 61 83 34 83 61 83 35 83 61 83 34 83 61 8B 34 83 61 8B 34 83 61 8B 35 83 61 8B 35 83 61 8B 32 83 61 83 34 83 61 83 34 83 61 8B 35 83 61 8B 35 83 61 8B 32 83 61 83 34 83 61 83 34 83 61 83 37 83 61 83 34 83 61 83 35 83 61 83 34 83 61 8B 34 83 61 8B 34 83 61 8B 35 83 61 8B 35 83 61 8B 32 83 61 83 34 83 61 83 34 83 61 8B 35 83 61 8B 35 83 61 8B 32 83 61 83 34 83 61 83 34 83 61 83 37 83 61 83 34 83 61 83 35 83 61 83 34 83 61 8B 34 83 61 8B 61 8B 30 81 30 61 61",
    
   # Channel 4 - 5
   "",

   # Channel 5 - 6
   "",

   # Channel 6 (Drums) -7 - 5
   "12 8A 20 84 12 8A 20 84 12 8A 20 84 12 8A 20 84 12 8A 20 84 12 8A 20 84 12 8A 20 84 12 8A 20 84 12 87 12 87 1A 81 1A 81 1A 81 1A 81 12 83 12 83 1A 81 0A 81 0A 81 0A 81 0A 81 0A 81 0A 81 0A 81 1A 0A 0A 0A 0A 0A 0A 0A 0A 0A 0A 0A 0A 0A 81 0A 12 81 02 12 0A 81 12 81 12 82 12 0A 81 12 81 12 81 02 12 0A 81 12 81 12 82 12 0A 81 12 81 12 81 02 12 0A 81 12 81 12 82 12 0A 81 12 81 12 81 02 12 0A 81 12 81 12 82 12 0A 81 12 81 12 81 02 12 0A 81 12 81 12 82 12 0A 81 12 81 12 81 02 12 0A 81 12 81 12 82 12 0A 81 12 81 12 81 02 12 0A 81 12 81 12 82 12 0A 81 12 81 12 81 02 12 0A 81 12 81 12 82 12 0A 81 12 81 12 81 02 12 0A 81 12 81 12 82 12 0A 81 12 81 1A 81 1A 81 1A 81 1A 81 12 83 12 83 1A 81 0A 81 1A 81 0A 81 1A 81 0A 81 0A 0A 0A 0A 12 81 0A 0A 12 81 0A 0A 12 81 0A 0A 12 81 0A 0A 12 81 02 12 0A 81 12 81 12 82 12 0A 81 12 81 12 81 02 12 0A 81 12 81 12 82 12 0A 81 12 81 12 81 02 12 0A 81 12 81 12 82 12 0A 81 12 81 12 81 02 12 0A 81 12 81 12 82 12 0A 81 12 81 12 81 02 12 0A 81 12 81 12 82 12 0A 81 12 81 12 81 02 12 0A 81 12 81 12 82 12 0A 81 12 81 12 81 02 12 0A 81 12 81 12 82 12 0A 81 12 81 12 81 02 12 0A 81 12 81 12 82 12 0A 81 12 81 12 81 02 12 0A 81 12 81 12 82 12 0A 81 12 81 1A 81 1A 81 1A 81 1A 81 12 83 12 83 1A 81 0A 81 1A 81 0A 81 1A 81 0A 81 0A 0A 0A 0A 12 81 0A 0A 12 81 0A 0A 12 81 0A 0A 12 81 0A 0A 12 81 0A 0A 12 81 0A 0A 12 81 0A 0A 12 81 12 81 61",
