   # Channel 0 - 1 
   "61 85 61 83 37 37 39 3C 3C 39 40 81 3C 39 3C 81 61 89 41 41 83 41 41 43 83 43 43 43 45 43 40 81 3C 39 3C 81 61 8F 61 83 37 81 39 3C 3C 39 40 81 3C 39 3C 81 61 89 41 41 83 41 41 43 83 43 43 43 45 43 40 81 3C 39 3C 81 61 89 61 8F 61 81 40 81 3C 37 81 37 3C 81 40 81 41 40 82 61 8F 61 81 40 81 3C 37 81 37 3C 81 40 81 41 40 82 61 8F 61 81 40 81 3C 37 81 37 3C 81 40 81 41 40 82 61 8F 70 58 10 45 83 47 83 48 83 49 83 4A 81 61 62",
   # Channel 1 - 2
   "3C 3B 39 37 3B 39 37 35 39 37 35 34 37 35 34 32 70 3B 08 61 89 28 29 28 81 26 28 26 83 61 8F 61 85 34 35 37 35 34 30 30 83 61 8F 61 85 28 29 28 81 26 28 26 83 61 8F 61 85 34 35 37 35 34 30 30 83 61 8B 43 87 40 83 43 83 41 83 43 81 45 83 43 81 41 83 43 87 40 83 43 83 41 87 61 87 43 87 40 83 43 83 41 83 43 81 45 83 43 81 41 83 45 83 47 83 48 83 49 83 4A 81 43 81 45 43 45 48 48 81 61 81 48 48 48 81 61",

   # Channel 2 - 3
   "61 8F 61 81 18 81 15 81 13 81 61 81 18 81 15 81 13 81 61 81 18 81 15 81 13 81 61 81 18 81 15 81 13 81 61 81 18 81 15 81 13 81 61 81 18 81 15 81 13 81 61 81 18 81 15 81 13 81 61 81 18 81 15 81 13 81 61 81 18 81 15 81 13 81 61 81 18 81 15 81 13 81 61 81 18 81 15 81 13 81 61 81 18 81 15 81 13 81 61 81 18 81 15 81 13 81 61 81 18 81 15 81 13 81 61 81 18 81 15 81 13 81 61 81 18 81 15 81 13 81 61 81 18 81 15 81 13 81 61 81 18 81 15 81 13 81 61 81 18 81 15 81 13 81 61 81 18 81 15 81 13 81 61 81 18 81 15 81 13 81 61 81 18 81 15 81 13 81 61 81 18 81 15 81 13 81 61 81 18 81 15 81 13 81 61 81 18 81 15 81 13 81 61 81 18 81 15 81 13 81 61 81 18 81 15 81 13 81 61 81 18 81 15 81 13 81 61 81 18 81 15 81 13 81 61 81 18 81 15 81 13 81 61 81 18 81 15 81 13 81 61 81 18 81 18 18 18 81 61",
   # Channel 3 - 4
   "61 8F 61 85 37 81 61 87 61 8F 61 85 37 81 61 87 35 35 83 35 35 36 37 83 61 89 37 81 61 87 61 8F 61 85 37 81 61 87 35 35 83 35 35 36 37 81 61 8B 37 81 61 87 61 8F 61 85 37 81 61 87 61 8F 61 85 37 81 61 87 61 8F 61 85 37 81 61 87 61 8F 61",
    
   # Channel 4 - 5
   "",

   # Channel 5 - 6
   "",

   # Channel 6 (Drums) -7 - 5
   "18 18 18 81 18 18 18 81 18 18 18 18 18 18 18 18 12 81 02 02 1A 81 02 02 12 81 02 02 1A 81 02 02 12 81 02 02 1A 81 02 02 12 81 02 02 1A 81 02 02 12 81 02 02 1A 81 02 02 12 81 02 02 1A 81 02 02 12 81 02 02 1A 81 02 02 12 81 02 02 1A 81 02 02 12 81 02 02 1A 81 02 02 12 81 02 02 1A 81 02 02 12 81 02 02 1A 81 02 02 12 81 02 02 1A 81 02 02 12 81 02 02 1A 81 02 02 12 81 02 02 1A 81 02 02 12 81 02 02 1A 81 02 02 12 81 02 02 1A 81 02 02 12 81 02 02 1A 81 02 02 12 81 02 02 1A 81 02 02 12 81 02 02 1A 81 02 02 12 81 02 02 1A 81 02 02 12 81 02 02 1A 81 02 02 12 81 02 02 1A 81 02 02 12 81 02 02 1A 81 02 02 12 81 02 02 1A 81 02 02 12 81 02 02 1A 81 02 02 12 81 02 02 1A 81 02 02 12 81 02 02 1A 81 02 02 12 81 02 02 1A 81 02 02 12 81 02 02 1A 81 02 02 12 81 02 02 1A 81 02 02 12 81 02 02 1A 81 02 02 12 81 02 02 1A 1A 1A 81 61",


