
   # Channel 0 - 1 
   "61 83 40 83 61 83 3E 81 3E 81 61 8F 61 83 40 83 61 83 3E 81 3E 81 61 8F 30 82 34 37 81 3C 81 40 81 3E 81 3C 81 39 81 36 81 37 81 61 8B 30 82 34 37 81 3C 81 40 81 3E 81 3C 81 39 81 37 8B 39 81 33 8F 39 81 33 81 2D 81 61 8B 30 82 34 37 81 3C 81 40 81 3E 81 3C 81 39 81 36 81 37 81 61 89 37 81 3D 3E 82 3D 3E 82 3B 81 37 81 61 81 37 81 3B 3C 82 3B 3C 82 3A 3C 3A 37 35 81 33 81 36 83 36 83 35 37 35 33 30 81 2B 81 2E 81 30 81 61 8B 61 83 40 83 61 83 3E 81 3E 81 61 8F 61 83 40 83 61 83 3E 81 3E 81 61 8F 30 82 34 37 81 3C 81 40 81 3E 81 3C 81 39 81 61 81 36 8D 61 83 43 81 48 81 61 63",
   # Channel 1 - 2
   "61 83 3C 83 61 83 3A 81 3A 81 61 8F 61 83 3C 83 61 83 3A 81 3A 81 61 8F 61 81 2B 81 27 81 28 81 61 81 2B 81 27 81 28 81 61 81 2B 81 27 81 28 81 61 81 2B 81 27 81 28 81 61 81 2B 81 27 81 28 81 61 81 2B 81 27 81 28 81 61 81 2B 81 27 81 28 81 61 81 2B 81 27 81 28 81 61 81 30 81 2C 81 2D 81 61 81 30 81 2C 81 2D 81 61 81 30 81 2C 81 2D 81 61 81 30 81 2C 81 2D 81 61 81 2B 81 27 81 28 81 61 81 2B 81 27 81 28 81 61 81 2B 81 27 81 28 81 61 81 2B 81 27 81 28 81 61 81 32 81 2E 81 2F 81 61 81 32 81 2E 81 2F 81 61 81 30 81 2C 81 2D 81 61 81 30 81 2C 81 2D 81 61 81 2B 81 27 81 28 81 61 81 2B 81 27 81 28 81 61 81 2B 81 27 81 28 81 61 81 2B 81 27 81 28 81 61 83 3C 83 61 83 3A 81 3A 81 61 8F 61 83 3C 83 61 83 3A 81 3A 81 61 8F 2B 83 61 8B 32 8F 61 85 3C 81 61",

   # Channel 2 - 3
   "61 83 37 83 61 83 35 81 35 81 61 8F 61 83 37 83 61 83 35 81 35 81 61 8F 61 81 24 81 61 85 24 81 61 85 24 81 61 85 24 81 61 83 61 81 24 81 61 85 24 81 61 85 24 81 61 85 24 81 61 85 29 81 61 85 29 81 61 85 29 81 61 85 29 81 61 85 24 81 61 85 24 81 61 85 24 81 61 85 24 81 61 85 2B 81 61 85 2B 81 61 85 29 81 61 85 29 81 61 85 24 81 61 85 24 81 61 85 24 81 61 85 24 81 61 83 61 83 37 83 61 83 35 81 35 81 61 8F 61 83 37 83 61 83 35 81 35 81 61 8F 24 83 61 8B 30 8F 61 87 61",
   # Channel 3 - 4
   "2B 81 2B 81 27 81 28 81 2B 81 2B 81 27 81 28 81 2B 81 2B 81 27 81 28 81 2B 81 2B 81 27 81 28 81 2B 81 2B 81 27 81 28 81 2B 81 2B 81 27 81 28 81 2B 81 2B 81 27 81 28 81 2B 81 2B 81 27 81 28 81 18 83 61 83 18 83 61 83 18 83 61 83 18 83 61 83 18 83 61 83 18 83 61 83 18 83 61 83 18 83 61 83 1D 83 61 83 1D 83 61 83 1D 83 61 83 1D 83 61 83 18 83 61 83 18 83 61 83 18 83 61 83 18 83 61 83 1F 83 61 83 1F 83 61 83 1D 83 61 83 1D 83 61 83 18 83 61 83 18 83 61 83 18 83 61 83 18 83 61 83 2B 81 2B 81 27 81 28 81 2B 81 2B 81 27 81 28 81 2B 81 2B 81 27 81 28 81 2B 81 2B 81 27 81 28 81 2B 81 2B 81 27 81 28 81 2B 81 2B 81 27 81 28 81 2B 81 2B 81 27 81 28 81 2B 81 2B 81 27 81 28 81 18 83 61 8B 28 8F 61 83 2B 81 24 81 61",
    
   # Channel 4 - 5
   "",

   # Channel 5 - 6
   "",

   # Channel 6 (Drums) -7 - 5
   "12 81