   # Channel 0 - 1 
   "61 81 40 81 40 81 40 81 40 81 40 81 40 81 40 81 3E 83 3E 81 39 81 3C 83 3E 83 61 81 4C 81 4C 81 4C 81 4C 81 4C 81 4C 81 4C 81 4A 83 48 81 45 81 48 83 4A 83 37 83 39 81 37 81 39 81 3C 81 3E 81 3C 81 40 81 3E 81 3C 81 39 81 39 87 39 83 39 83 3C 83 3E 83 61 83 40 83 3E 81 3C 81 39 81 37 81 39 83 39 82 39 39 83 39 82 39 39 81 39 81 39 81 39 81 39 81 39 81 3C 81 3D 81 39 82 37 39 82 37 39 82 37 39 83 39 81 61 81 40 83 3E 81 3C 81 45 81 43 81 45 82 43 45 82 43 45 81 61 81 45 81 61 81 45 81 61 81 4C 81 4A 81 48 81 45 81 43 83 45 8F 45 8B 61 83 63",
   # Channel 1 - 2
   "61 81 40 81 40 81 40 81 40 81 40 81 40 81 40 81 3E 83 3E 81 39 81 3C 83 3E 83 61 81 4C 81 4C 81 4C 81 4C 81 4C 81 4C 81 4C 81 4A 83 48 81 45 81 48 83 4A 83 37 83 39 81 37 81 39 81 3C 81 3E 81 3C 81 40 81 3E 81 3C 81 39 81 39 87 39 83 39 83 3C 83 3E 83 61 83 40 83 3E 81 3C 81 39 81 37 81 39 83 39 82 39 39 83 39 82 39 39 81 39 81 39 81 39 81 39 81 39 81 3C 81 3D 81 39 82 37 39 82 37 39 82 37 39 83 39 81 61 81 40 83 3E 81 3C 81 45 81 43 81 45 82 43 45 82 43 45 81 61 81 45 81 61 81 45 81 61 81 4C 81 4A 81 48 81 45 81 43 83 45 8F 45 8B 61 83 63",

   # Channel 2 - 3
   "21 85 1C 81 1F 81 21 81 1C 81 1B 81 1A 85 15 81 1A 83 1F 81 20 81 21 85 24 81 21 83 1C 81 1B 81 1A 85 15 81 15 87 18 85 1F 81 18 81 13 81 18 81 17 81 18 81 17 81 16 81 15 81 15 87 1A 85 15 81 15 81 15 81 1A 81 1A 81 1C 81 61 81 61 8B 21 85 1F 81 21 81 24 81 21 81 1F 81 21 81 61 81 28 83 26 81 24 81 21 81 1F 81 21 85 1F 81 21 81 18 81 1C 81 1B 81 1A 81 61 81 61 87 21 81 1F 81 21 83 21 81 24 81 21 81 1F 81 1C 81 1B 81 1A 81 61 81 61 8F 1D 83 1F 83 1C 81 1A 81 15 8B 61 FE 8F",
   # Channel 3 - 4
   "21 85 1C 81 1F 81 21 81 1C 81 1B 81 1A 85 15 81 1A 83 1F 81 20 81 21 85 24 81 21 83 1C 81 1B 81 1A 85 15 81 15 87 18 85 1F 81 18 81 13 81 18 81 17 81 18 81 17 81 16 81 15 81 15 87 1A 85 15 81 15 81 15 81 1A 81 1A 81 1C 81 61 81 61 8B 21 85 1F 81 21 81 24 81 21 81 1F 81 21 81 61 81 28 83 26 81 24 81 21 81 1F 81 21 85 1F 81 21 81 18 81 1C 81 1B 81 1A 81 61 81 61 87 21 81 1F 81 21 83 21 81 24 81 21 81 1F 81 1C 81 1B 81 1A 81 61 81 61 8F 1D 83 1F 83 1C 81 1A 81 15 8B 61 FE 8F",
    
   # Channel 4 - 5
   "",

   # Channel 5 - 6
   "",

   # Channel 6 (Drums) -7 - 5
   "18 83 20 87 18 83 18 83 20 83 08 08 81 08 08 81 08 81 11 81 01 81 09 81 11 81 11 81 01 81 09 81 01 81 11 81 01 81 09 81 11 81 11 81 01 81 09 81 01 81 11 81 01 81 09 81 11 81 11 81 01 81 09 81 01 81 11 81 01 81 09 81 11 81 11 81 01 81 09 81 01 81 11 81 01 81 09 81 11 81 11 81 01 81 09 81 01 81 11 81 01 81 09 81 11 81 11 81 01 81 09 81 01 81 20 87 08 08 81 08 08 81 08 81 18 83 20 83 08 08 08 08 08 81 08 81 18 83 20 83 08 08 08 08 08 81 08 81 18 83 20 83 08 08 08 08 08 81 08 81 20 87 08 08 81 08 08 81 08 81 18 83 20 83 08 08 81 08 08 81 08 81 11 81 01 81 09 81 11 81 10 81 08 08 08 81 08 81 11 81 01 81 09 81 11 81 10 81 08 08 08 81 08 81 20 FE FE FE FE FE 8F",
