   "3F 81 3E 81 3E 83 3F 81 3E 81 3E 83 3F 81 3E 81 3E 83 46 83 61 83 46 81 45 81 43 83 43 81 41 81 3F 83 3F 81 3E 81 3C 83 3C 83 61 83 3E 81 3C 81 3C 83 3E 81 3C 81 3C 83 3E 81 3C 81 3C 83 45 83 61 83 45 81 43 81 42 83 42 81 3F 81 3E 83 3E 81 3C 81 3A 83 3A 83 61 83 46 81 45 81 45 83 48 83 42 83 45 83 43 83 3E 83 61 83 46 81 45 81 45 83 48 83 42 83 45 83 43 83 46 83 45 81 43 81 41 81 3F 81 61 83 42 83 43 83 45 83 46 83 48 81 46 81 45 83 43 83 42 83 61 83 49 87 4A 83 61 83 49 87 4A 83 61 83 49 87 4A 83 49 83 4A 83 49 83 4A 8B 63",
   # Channel 1 - 2
   "61 83 32 8F 32 8F 32 8F 33 8F 33 8F 30 8F 30 8F 32 8F 33 8F 32 8F 33 8F 32 8F 3E 8F 3D 8F 70 4E 10 3E 83 61 83 46 87 45 83 61 83 46 87 45 83 61 83 46 87 45 83 46 83 45 83 46 83 45 8B",

   # Channel 2 - 3
   "61 83 2E 8F 2E 8F 2E 8F 30 8F 30 8F 2D 8F 2D 87 2A 87 2E 8F 2D 8F 2E 8F 2D 8F 2E 8F 2E 8B 2D 83 2B 87 2A 83 2B 83 70 4E 10 61 87 43 87 42 83 61 83 43 87 42 83 61 83 43 87 42 83 43 83 42 83 43 83 42 8B",
   # Channel 3 - 4
   "61 83 1F 85 1F 81 1F 83 61 83 1F 85 1F 81 1F 83 61 83 1F 85 1F 81 1F 83 61 83 1F 85 1F 81 1F 83 61 83 1F 85 1F 81 1F 83 61 83 1E 85 1E 81 1E 83 61 83 1A 85 1A 81 1A 83 61 83 1F 85 1F 81 1F 83 61 83 24 85 24 81 24 83 61 83 22 85 22 81 22 83 61 83 24 85 24 81 24 83 61 83 22 85 22 81 22 83 61 83 1C 87 1C 87 1B 87 1B 87 1A 83 61 87 1A 83 1A 83 61 87 1A 83 1A 83 61 87 1A 83 1A 83 1A 83 1A 83 1A 83 1A 81 61 81 1A 81 61 81 1A 1A 1A 81",
    
   # Channel 4 - 5
   "",

   # Channel 5 - 6
   "",

   # Channel 6 (Drums) -7 - 5
   "20 83 12 81 02 02 1A 81 02 02 12 81 02 02 1A 81 02 02 12 81 02 02 1A 81 02 02 12 81 02 02 1A 81 02 02 12 81 02 02 1A 81 02 02 12 81 02 02 1A 81 02 02 12 81 02 02 1A 81 02 02 12 81 02 02 1A 81 02 02 12 81 02 02 1A 81 02 02 12 81 02 02 1A 81 02 02 12 81 02 02 1A 81 02 02 12 81 02 02 1A 81 02 02 12 81 02 02 1A 81 02 02 12 81 02 02 1A 81 02 02 12 81 02 02 1A 81 02 02 12 81 02 02 08 08 08 08 1A 81 02 81 1A 81 02 81 1A 81 02 81 1A 81 02 81 1A 81 02 81 1A 81 02 81 1A 81 02 02 08 08 08 08 1A 81 02 81 1A 81 02 81 1A 81 02 81 1A 81 02 81 1A 81 02 81 1A 81 02 81 1A 81 0A 81 1A 81 0A 81 1A 81 02 02 1A 81 02 02 1A 81 02 02 1A 81 02 02 1A 81 02 02 1A 81 02 02 1A 81 02 02 1A 81 02 02 1A 81 02 02 1A 81 02 02 12 81 12 81 12 81 12 81 1A 81 1A 81 1A 81 1A 81 12 81 12 81 12 81 12 81 1A 81 1A 81 1A 81 1A 81 12 81 12 81 12 81 12 81 1A 81 02 02 1A 81 02 02 1A 81 02 02 1A 81 02 02 1A 81 02 02 1A 81 02 02 1A 1A 1A 81",
