   # Channel 0 - 1 
   "30 81 30 83 34 83 37 83 61 81 37 81 37 81 61 34 37 83 61 85 30 81 30 83 34 83 32 83 61 81 32 81 37 81 61 37 34 83 61 85 30 81 30 83 34 83 37 83 61 81 37 81 37 81 61 34 37 83 61 85 30 81 30 83 34 83 32 83 61 81 32 81 37 81 61 37 34 83 61 85 39 81 39 83 35 83 39 83 39 81 39 81 61 81 35 81 39 83 61 85 37 81 37 83 37 83 3C 83 37 81 37 81 61 81 34 81 32 83 61 85 30 81 30 81 61 81 34 81 61 81 32 83 32 81 37 81 61 81 32 81 37 83 61 85 32 81 34 81 34 81 32 83 30 81 61 81 30 81 2D 81 61 81 2D 81 30 83 61 85 61 81 61 83 61 83 61 83 61 81 61 81 61 81 61 61 61 83 61 85 61 81 61 83 61 83 61 83 61 81 61 81 61 81 61 61 61 83 61 85 61 81 61 83 61 83 61 83 61 81 61 81 61 81 61 61 61 83 61 85 61 81 61 83 61 83 61 83 61 81 61 81 61 81 61 61 61 83 61 85 61 81 61 83 61 83 61 83 61 81 61 81 61 81 61 81 61 83 61 85 61 81 61 83 61 83 61 83 61 81 61 81 61 81 61 81 61 83 61 85 61 81 61 81 61 81 61 81 61 81 61 83 61 81 61 81 61 81 61 81 61 83 61 85 61 81 61 81 61 81 61 83 61 81 61 81 61 81 61 81 61 81 61 81 61 83 61 62",
   # Channel 1 - 2
   "61 89 24 83 61 81 2B 81 2B 83 1F 81 1F 81 24 83 61 81 2B 81 2B 83 1F 81 1F 81 1F 83 61 81 26 81 26 83 1A 81 1A 81 24 83 61 81 2B 81 2B 83 1F 81 1F 81 24 83 61 81 2B 81 2B 83 1F 81 1F 81 1F 83 61 81 26 81 26 83 1A 81 1A 81 29 83 61 81 30 81 30 83 24 81 24 81 29 83 61 81 30 81 30 83 24 81 24 81 26 83 61 81 2D 81 2D 83 21 81 21 81 1F 83 61 81 26 81 26 83 1A 81 1A 81 24 83 61 81 2B 81 2B 83 1F 81 1F 81 1F 83 61 81 26 81 26 83 1A 81 1A 81 26 83 61 81 2D 81 2D 83 21 81 21 81 29 83 61 81 30 81 30 83 24 81 24 81 24 81 61 81 24 81 21 81 61 81 21 81 24 83 61 8F 24 83 61 81 2B 81 2B 83 1F 81 1F 81 24 83 61 81 2B 81 2B 83 1F 81 1F 81 1F 83 61 81 26 81 26 83 1A 81 1A 81 24 83 61 81 2B 81 2B 83 1F 81 1F 81 24 83 61 81 2B 81 2B 83 1F 81 1F 81 1F 83 61 81 26 81 26 83 1A 81 1A 81 29 83 61 81 30 81 30 83 24 81 24 81 29 83 61 81 30 81 30 83 24 81 24 81 26 83 61 81 2D 81 2D 83 21 81 21 81 1F 83 61 81 26 81 26 83 1A 81 1A 81 24 83 61 81 2B 81 2B 83 1F 81 1F 81 1F 83 61 81 26 81 26 83 1A 81 1A 81 26 83 61 81 2D 81 2D 83 21 81 21 81 29 83 61 81 30 81 30 83 24 81 24 81 24 81 61 81 24 81 21 81 61 81 21 81 24 83 61",

   # Channel 2 - 3
   "61 81 61 83 61 83 61 83 61 81 61 81 61 81 61 61 61 83 61 85 61 81 61 83 61 83 61 83 61 81 61 81 61 81 61 61 61 83 61 85 61 81 61 83 61 83 61 83 61 81 61 81 61 81 61 61 61 83 61 85 61 81 61 83 61 83 61 83 61 81 61 81 61 81 61 61 61 83 61 85 61 81 61 83 61 83 61 83 61 81 61 81 61 81 61 81 61 83 61 85 61 81 61 83 61 83 61 83 61 81 61 81 61 81 61 81 61 83 61 85 61 81 61 81 61 81 61 81 61 81 61 83 61 81 61 81 61 81 61 81 61 83 61 85 61 81 61 81 61 81 61 83 61 81 61 81 61 81 61 81 61 81 61 81 61 83 61 85 30 81 30 83 34 83 37 83 61 81 37 81 37 81 61 34 37 83 61 85 30 81 30 83 34 83 32 83 61 81 32 81 37 81 61 37 34 83 61 85 30 81 30 83 34 83 37 83 61 81 37 81 37 81 61 34 37 83 61 85 30 81 30 83 34 83 32 83 61 81 32 81 37 81 61 37 34 83 61 85 39 81 39 83 35 83 39 83 39 81 39 81 61 81 35 81 39 83 61 85 37 81 37 83 37 83 3C 83 37 81 37 81 61 81 34 81 32 83 61 85 30 81 30 81 61 81 34 81 61 81 32 83 32 81 37 81 61 81 32 81 37 83 61 85 32 81 34 81 34 81 32 83 30 81 61 81 30 81 2D 81 61 81 2D 81 30 83 61",
   # Channel 3 - 4
   "",
    
   # Channel 4 - 5
   "",

   # Channel 5 - 6
   "",

   # Channel 6 (Drums) -7 - 5
   "20 89 19 81 01 81 19 81 01 81 19 81 19 81 19 81 01 81 19 81 01 81 19 81 01 81 19 81 19 81 19 81 01 81 19 81 01 81 19 81 01 81 19 81 19 81 19 81 01 81 19 81 01 81 19 81 01 81 19 81 19 81 19 81 01 81 19 81 01 81 19 81 01 81 19 81 19 81 19 81 01 81 19 81 01 81 19 81 01 81 19 81 19 81 19 81 01 81 19 81 01 81 19 81 01 81 19 81 19 81 19 81 01 81 19 81 01 81 19 81 01 81 19 81 19 81 19 81 01 81 19 81 01 81 19 81 01 81 19 81 19 81 19 81 01 81 19 81 01 81 19 81 01 81 19 81 19 81 19 81 01 81 19 81 01 81 19 81 01 81 19 81 19 81 19 81 01 81 19 81 01 81 19 81 01 81 19 81 19 81 19 81 01 81 19 81 01 81 19 81 01 81 19 81 19 81 19 81 01 81 19 81 01 81 19 81 01 81 19 81 19 81 19 81 01 81 1A 81 00 81 1A 81 1A 81 00 81 1A 81 1A 83 00 85 1A 81 1A 83 1A 83 1A 83 19 81 01 81 19 81 01 81 19 81 19 81 19 81 01 81 19 81 01 81 19 81 01 81 19 81 19 81 19 81 01 81 19 81 01 81 19 81 01 81 19 81 19 81 19 81 01 81 19 81 01 81 19 81 01 81 19 81 19 81 19 81 01 81 19 81 01 81 19 81 01 81 19 81 19 81 19 81 01 81 19 81 01 81 19 81 01 81 19 81 19 81 19 81 01 81 19 81 01 81 19 81 01 81 19 81 19 81 19 81 01 81 19 81 01 81 19 81 01 81 19 81 19 81 19 81 01 81 19 81 01 81 19 81 01 81 19 81 19 81 19 81 01 81 19 81 01 81 19 81 01 81 19 81 19 81 19 81 01 81 19 81 01 81 19 81 01 81 19 81 19 81 19 81 01 81 19 81 01 81 19 81 01 81 19 81 19 81 19 81 01 81 19 81 01 81 19 81 01 81 19 81 19 81 19 81 01 81 19 81 01 81 19 81 01 81 19 81 19 81 19 81 01 81 1A 81 00 81 1A 81 1A 81 00 81 1A 81 1A 83 61",
