   # Channel 0 - 1 
   "29 83 29 81 29 81 61 81 24 81 27 81 28 81 29 83 29 81 29 81 61 81 28 81 29 81 2A 81 2B 81 61 81 2B 81 61 81 2B 81 61 81 2B 81 61 81 37 81 3C 81 3A 81 37 81 35 37 81 35 34 81 32 81 24 83 24 81 24 81 61 81 24 81 25 81 26 81 27 83 26 81 26 81 61 81 26 81 26 81 26 81 24 83 24 81 24 81 61 81 24 81 24 81 24 81 2B 81 61 81 2B 81 61 81 2B 81 61 81 2B 81 61 81 40 83 43 83 48 83 45 81 43 81 40 83 40 83 3E 81 3C 81 39 81 37 81 3F 81 40 81 43 81 3E 40 40 81 43 81 40 83 43 81 3F 40 40 81 43 81 3E 81 3C 81 39 81 37 81 30 83 30 81 30 81 34 81 37 81 39 81 37 81 30 83 30 81 30 81 34 81 37 81 39 81 37 81 3E 81 40 81 43 81 3E 40 40 81 43 81 40 83 43 81 3F 40 40 81 43 81 3E 81 3C 81 39 81 37 81 63",
   # Channel 1 - 2
   "29 83 29 81 29 81 61 81 24 81 27 81 28 81 29 83 29 81 29 81 61 81 28 81 29 81 2A 81 2B 81 61 81 2B 81 61 81 2B 81 61 81 2B 81 61 81 37 81 3C 81 3A 81 37 81 35 37 81 35 34 81 32 81 24 83 24 81 24 81 61 81 24 81 25 81 26 81 27 83 26 81 26 81 61 81 26 81 26 81 26 81 24 83 24 81 24 81 61 81 24 81 24 81 24 81 2B 81 61 81 2B 81 61 81 2B 81 61 81 2B 81 61 81 40 83 43 83 48 83 45 81 43 81 40 83 40 83 3E 81 3C 81 39 81 37 81 3F 81 40 81 43 81 3E 40 40 81 43 81 40 83 43 81 3F 40 40 81 43 81 3E 81 3C 81 39 81 37 81 30 83 30 81 30 81 34 81 37 81 39 81 37 81 30 83 30 81 30 81 34 81 37 81 39 81 37 81 3E 81 40 81 43 81 3E 40 40 81 43 81 40 83 43 81 3F 40 40 81 43 81 3E 81 3C 81 39 81 37 81 63",

   # Channel 2 - 3
   "29 81 29 81 29 81 29 81 24 81 24 81 26 81 24 81 29 81 29 81 29 81 29 81 24 81 24 81 26 81 24 81 1F 81 1F 81 23 81 23 81 26 81 26 81 28 81 26 81 1F 81 61 89 29 2B 81 29 24 83 24 81 24 81 61 81 25 81 24 81 26 81 27 83 26 81 26 81 61 81 26 81 26 81 25 81 24 83 24 81 24 81 61 81 24 81 24 81 24 81 2B 81 2B 81 29 81 29 81 28 81 28 81 26 81 26 81 24 81 24 81 27 81 28 81 2B 81 2B 81 2D 81 2B 81 24 81 24 81 27 81 28 81 2B 81 2B 81 2D 81 2B 81 21 81 21 81 23 81 23 81 24 81 24 81 28 81 26 81 21 81 21 81 23 81 23 81 24 81 24 81 28 81 26 81 24 81 24 81 27 81 28 81 2B 81 2B 81 2E 81 2B 81 24 81 24 81 27 81 28 81 2B 81 2B 81 2E 81 2B 81 21 81 21 81 23 81 23 81 24 81 24 81 28 81 26 81 21 81 21 81 23 81 23 81 24 81 24 81 28 81 26 81 61 FE 8F",
   # Channel 3 - 4
   "29 81 29 81 29 81 29 81 24 81 24 81 26 81 24 81 29 81 29 81 29 81 29 81 24 81 24 81 26 81 24 81 1F 81 1F 81 23 81 23 81 26 81 26 81 28 81 26 81 1F 81 61 89 29 2B 81 29 24 83 24 81 24 81 61 81 25 81 24 81 26 81 27 83 26 81 26 81 61 81 26 81 26 81 25 81 24 83 24 81 24 81 61 81 24 81 24 81 24 81 2B 81 2B 81 29 81 29 81 28 81 28 81 26 81 26 81 24 81 24 81 27 81 28 81 2B 81 2B 81 2D 81 2B 81 24 81 24 81 27 81 28 81 2B 81 2B 81 2D 81 2B 81 21 81 21 81 23 81 23 81 24 81 24 81 28 81 26 81 21 81 21 81 23 81 23 81 24 81 24 81 28 81 26 81 24 81 24 81 27 81 28 81 2B 81 2B 81 2E 81 2B 81 24 81 24 81 27 81 28 81 2B 81 2B 81 2E 81 2B 81 21 81 21 81 23 81 23 81 24 81 24 81 28 81 26 81 21 81 21 81 23 81 23 81 24 81 24 81 28 81 26 81 61 FE 8F",
    
   # Channel 4 - 5
   "",

   # Channel 5 - 6
   "",

   # Channel 6 (Drums) -7 - 5
   "11 81 01 81 01 81 01 81 10 81 08 08 08 08 08 81 11 81 01 81 01 81 01 81 10 81 08 08 08 08 08 81 11 81 01 81 01 81 01 81 10 81 08 08 08 08 08 81 18 83 20 8B 18 08 08 08 18 08 08 08 18 08 08 08 18 08 08 08 18 08 08 08 18 08 08 08 18 08 08 08 18 08 08 08 18 08 08 08 18 08 08 08 18 08 08 08 18 08 08 08 18 83 18 08 08 08 18 08 08 08 18 08 08 08 11 81 01 81 09 81 09 81 11 81 01 81 09 81 01 81 11 81 01 81 09 81 09 81 10 81 08 08 08 08 08 81 11 81 01 81 09 81 09 81 10 81 08 08 08 08 08 81 11 81 01 81 09 81 09 81 10 81 08 08 08 08 08 81 11 81 01 81 09 81 09 81 10 81 08 08 08 08 08 81 11 81 01 81 09 81 09 81 10 81 08 08 08 08 08 81 11 81 01 81 09 81 09 81 10 81 08 08 08 08 08 81 11 81 01 81 09 81 09 81 10 81 08 08 08 08 08 81 20 FE FE FE FE FE 90",
