
   # Channel 0 - 1 
   "34 85 39 81 3C 85 39 81 38 85 39 3B 39 87 35 85 37 39 34 87 32 30 30 2F 2F 82 34 2D 87 34 85 39 3C 40 85 3C 81 3B 85 3C 3E 3C 87 41 43 45 41 40 41 43 40 3E 40 41 3E 3C 3E 40 3C 3E 3C 3C 3B 3B 82 40 39 83 45 61 63",
   # Channel 1 - 2
   "61 81 34 81 61 81 34 81 61 81 34 81 61 81 34 81 61 81 39 81 61 81 39 81 61 81 34 81 61 81 34 81 61 81 39 81 61 81 39 81 61 81 34 81 61 81 34 81 61 81 2F 81 61 81 2F 81 61 81 34 81 61 81 34 81 61 81 34 81 61 81 34 81 61 81 34 81 61 81 34 81 61 81 39 83 39 81 61 81 34 81 61 81 34 81 61 81 30 81 61 81 2F 81 61 81 39 81 61 81 34 81 61 81 2F 81 61 81 2F 81 61 81 34 81 40 61",

   # Channel 2 - 3
   "61 81 30 81 61 81 30 81 61 81 30 81 61 81 30 81 61 81 35 81 61 81 35 81 61 81 30 81 61 81 30 81 61 81 35 81 61 81 35 81 61 81 30 81 61 81 30 81 61 81 2C 81 61 81 2C 81 61 81 30 81 61 81 30 81 61 81 30 81 61 81 30 81 61 81 30 81 61 81 30 81 61 81 35 83 35 81 61 81 30 81 61 81 30 81 61 81 2D 81 61 81 2B 81 61 81 35 81 61 81 30 81 61 81 2C 81 61 81 2C 81 61 81 30 81 3C 61",
   # Channel 3 - 4
   "2D 83 28 83 2D 83 28 83 2D 83 26 83 2D 83 28 83 2D 83 26 83 2D 83 28 83 2C 83 28 83 2D 83 28 83 2D 83 28 83 2D 83 28 83 2D 83 26 83 2D 83 2D 83 2D 83 2B 83 29 83 28 83 28 83 28 83 2D 83 2D 61",
    
   # Channel 4 - 5
   "",

   # Channel 5 - 6
   "",

   # Channel 6 (Drums) -7 - 5
   "12 81 02 81 1A 81 02 81 12 81 02 81 1A 81 02 81 12 81 02 81 1A 81 02 81 12 81 02 81 1A 81 02 81 12 81 02 81 1A 81 02 81 12 81 02 81 1A 81 02 81 12 81 02 81 1A 81 02 81 1A 83 12 83 12 81 02 81 1A 81 02 81 12 81 02 81 1A 81 02 81 12 81 02 81 1A 81 02 81 12 81 02 81 1A 81 02 81 08 08 08 08 08 08 08 08 08 08 08 08 08 08 08 08 08 08 08 08 1A 82 1A 1A 83 12 61",
