   # Channel 0 - 1 
   "40 83 3C 81 39 81 40 83 3C 81 39 81 3E 81 3E 81 3C 81 3E 81 3E 83 3E 83 40 83 3C 81 39 81 40 83 3C 81 39 81 3E 81 3E 81 40 81 40 81 3E 83 61 83 40 83 3C 81 39 81 40 83 3C 81 39 81 3E 81 3E 81 3C 81 3E 81 3E 83 3E 83 40 83 3C 81 39 81 40 83 3C 81 39 81 3E 81 3E 81 40 81 40 81 3E 83 61 83 39 81 3C 81 40 81 41 81 40 81 3C 83 39 81 37 8B 61 83 39 81 3C 81 40 81 41 81 40 81 3C 83 39 81 37 8B 61 83 39 81 3C 81 40 81 41 81 40 81 3C 83 39 81 37 8B 61 83 39 81 3C 81 40 81 41 81 40 81 3C 83 39 81 37 8B 61 83 40 83 3C 81 39 81 40 83 3C 81 39 81 3E 83 3C 81 3E 85 3E 83 40 83 3C 81 39 81 40 83 3C 81 39 81 3E 81 3E 81 40 81 40 81 3E 87 40 83 3C 81 39 81 40 83 3C 81 39 81 3E 83 3C 81 3E 85 3E 83 40 83 3C 81 39 81 40 83 3C 81 39 81 3E 81 3E 81 40 81 40 81 3E 87 34 81 30 83 2D 87 2D 81 32 81 2F 83 2B 89 29 81 2D 83 30 83 32 85 2F 81 2B 83 29 89 34 81 30 83 2D 89 32 81 2F 83 2B 89 29 81 2D 83 30 83 32 83 61 81 34 81 35 83 32 89 34 81 30 83 2D 89 61 81 32 81 2F 81 2B 89 29 81 2D 83 30 83 32 85 2F 81 2B 83 29 89 61 81 34 81 30 81 2D 89 61 81 32 81 2F 81 2B 89 29 81 2D 83 30 83 32 85 34 81 35 83 32 89 61 8F 61 97 61 97 62",
   # Channel 1 - 2
   "61 97 61 97 61 97 61 97 61 98 61 98 37 2F 32 81 37 81 32 81 2F 81 2B 81 2F 81 61 98 61 98 37 2F 32 81 37 81 32 81 2F 81 2B 81 2F 81 61 8F 61 91 39 81 61 81 3C 81 61 81 40 81 61 81 3C 81 61 81 3E 81 61 81 37 81 3C 81 3B 81 39 81 37 81 61 81 39 81 61 81 3C 81 61 81 40 81 61 81 3C 81 61 81 3E 81 61 81 37 81 3C 81 3B 81 39 81 37 81 61 81 39 81 61 81 3C 81 61 81 40 81 61 81 3C 81 61 81 3E 81 61 81 37 81 3C 81 3B 81 39 81 37 81 61 81 39 81 61 81 3C 81 61 81 40 81 61 81 3C 81 61 81 3E 81 61 81 37 81 3C 81 3B 81 39 81 37 81 61 97 61 97 61 97 61 97 61 97 61 97 61 97 61 97 61 97 61 97 61 97 61 97 61 8F 61 8F 61",

   # Channel 2 - 3
   "1D 85 1D 81 1D 85 1D 81 1F 85 1F 81 1F 81 1A 81 1D 81 1F 81 1D 85 1D 81 1D 85 1D 81 1F 85 1F 81 23 81 26 81 29 81 2B 81 1D 85 1D 81 1D 85 1D 81 1F 85 1F 81 1F 81 1A 81 1D 81 1F 81 1D 85 1D 81 1D 85 1D 81 1F 85 1F 81 23 81 26 81 29 81 2B 81 1D 85 1D 81 1D 85 1D 81 1F 85 1F 81 23 81 26 81 29 81 2B 81 1D 85 1D 81 1D 85 1D 81 1F 85 1F 81 23 81 26 81 29 81 2B 81 1D 85 1D 81 1D 85 1D 81 1F 85 1F 81 23 81 26 81 29 81 2B 81 1D 85 1D 81 1D 85 1D 81 1F 85 1F 81 23 81 26 81 29 81 2B 81 1D 85 1D 81 1D 85 1D 81 1F 85 1F 81 24 81 26 81 29 81 2B 81 1D 85 1D 81 1D 85 1D 81 1F 85 1F 81 23 81 26 81 29 81 2B 81 1D 85 1D 81 1D 85 1D 81 1F 85 1F 81 24 81 26 81 29 81 2B 81 1D 85 1D 81 1D 85 1D 81 1F 85 1F 81 23 81 26 81 29 81 2B 81 1D 85 1D 81 1D 85 1D 81 1F 85 1F 81 23 81 26 81 29 81 2B 81 1D 85 1D 81 1D 85 1D 81 1F 85 1F 81 23 81 26 81 29 81 2B 81 1D 85 1D 81 1D 85 1D 81 1F 85 1F 81 23 81 26 81 29 81 2B 81 1D 85 1D 81 1D 85 1D 81 1F 85 1F 81 23 81 26 81 29 81 2B 81 1D 85 1D 81 1D 85 1D 81 1F 85 1F 81 23 81 26 81 29 81 2B 81 1D 85 1D 81 1D 85 1D 81 1F 85 1F 81 23 81 26 81 29 81 2B 81 1D 85 1D 81 1D 85 1D 81 1F 85 1F 81 23 81 26 81 29 81 2B 81 1D 85 1D 81 1D 85 1D 81 1F 85 1F 81 23 81 26 81 29 81 2B 81 21 83 61 81 21 81 61 81 21 81 61 81 1F 81 21 83 1F 83 21 83 61 83 21 83 61 81 21 81 61 81 21 81 61 81 1F 81 21 83 1D 83 1F 87 61",
   # Channel 3 - 4
   "30 83 61 81 30 81 30 83 61 81 30 81 32 81 32 81 32 81 32 81 61 83 32 83 30 83 30 81 30 81 30 83 30 81 30 81 32 81 32 81 32 81 32 81 32 83 61 83 30 83 61 81 30 81 30 83 61 81 30 81 32 81 32 81 32 81 32 81 61 83 32 83 30 83 30 81 30 81 30 83 30 81 30 81 32 81 32 81 32 81 32 81 32 83 61 87 30 81 30 81 61 83 30 81 30 81 61 83 32 81 32 81 61 83 32 81 32 81 61 83 30 81 30 81 61 83 30 81 30 81 61 83 32 81 32 81 32 83 61 87 30 81 30 81 61 83 30 81 30 81 61 83 32 81 32 81 61 83 32 81 32 81 61 83 30 81 30 81 61 83 30 81 30 81 61 83 32 81 32 81 32 83 61 83 30 83 61 81 30 81 30 83 61 81 30 81 61 81 32 81 32 81 32 81 61 83 32 83 30 83 61 81 30 81 30 83 61 81 30 81 61 81 32 81 32 81 32 81 61 83 32 83 30 83 61 81 30 81 30 83 61 81 30 81 61 81 32 81 32 81 32 81 61 83 32 83 30 83 61 81 30 81 30 83 61 81 30 81 61 81 32 81 32 81 32 81 61 83 32 83 30 81 30 81 61 81 30 81 61 83 30 81 30 81 32 81 32 81 61 81 32 81 61 83 32 81 32 81 30 81 30 81 61 81 30 81 61 83 30 81 30 81 32 81 32 81 61 81 32 81 61 83 32 81 32 81 30 81 30 81 61 81 30 81 61 83 30 81 30 81 32 81 32 81 61 81 32 81 61 83 32 81 32 81 30 81 30 81 61 81 30 81 61 83 30 81 30 81 32 81 32 81 61 81 32 81 61 83 32 81 32 81 30 81 30 83 30 85 61 83 32 81 32 83 32 85 61 83 30 81 30 83 30 85 61 83 32 81 32 83 32 85 61 83 30 81 30 83 30 85 61 83 32 81 32 83 32 85 61 83 30 81 30 83 30 85 61 83 32 81 32 83 32 85 61 83 34 83 61 81 34 81 61 81 34 81 61 81 32 81 34 83 32 83 34 83 61 83 34 83 61 81 34 81 61 81 34 81 61 81 32 81 34 83 30 83 32 87 61",
    
   # Channel 4 - 5
   "",

   # Channel 5 - 6
   "",

   # Channel 6 (Drums) -7 - 5
   "12 81 02 81 12 81 0F 81 12 81 02 81 12 81 0F 81 12 81 02 81 12 81 0F 81 12 81 02 81 12 81 0F 81 12 81 02 81 12 81 0F 81 12 81 02 81 12 81 0F 81 12 81 02 81 12 81 0F 81 12 81 02 81 12 81 0F 81 12 81 02 81 12 81 0F 81 12 81 02 81 12 81 0F 81 12 81 02 81 12 81 0F 81 12 81 02 81 12 81 0F 81 12 81 02 81 12 81 0F 81 12 81 02 81 12 81 0F 81 12 81 02 81 12 81 0F 81 12 81 02 81 12 81 0F 81 12 81 02 81 1F 81 02 81 12 81 02 81 1F 81 02 81 12 81 02 81 1F 81 02 81 12 81 02 81 1F 81 02 81 12 81 02 81 1F 81 02 81 12 81 02 81 1F 81 02 81 1F 83 1F 81 1F 81 1F 87 12 81 02 81 1F 81 02 81 12 81 02 81 1F 81 02 81 12 81 02 81 1F 81 02 81 12 81 02 81 1F 81 02 81 12 81 02 81 1F 81 02 81 12 81 02 81 1F 81 02 81 1F 83 1F 81 1F 81 1F 87 1A 81 02 81 1A 81 02 81 1A 81 1A 81 1A 81 02 81 1A 81 02 81 1A 81 02 81 1A 81 1A 81 1A 81 02 81 1A 81 02 81 1A 81 02 81 1A 81 1A 81 1A 81 02 81 1A 81 02 81 1A 81 02 81 08 08 08 08 08 08 08 08 1A 81 02 81 1A 81 02 81 1A 81 1A 81 1A 81 02 81 1A 81 02 81 1A 81 02 81 1A 81 1A 81 1A 81 02 81 1A 81 02 81 1A 81 02 81 1A 81 1A 81 1A 81 02 81 1A 81 02 81 1A 81 02 81 08 08 08 08 08 08 08 08 12 81 02 81 1F 81 02 81 12 81 02 81 1F 81 02 81 12 81 02 81 1F 81 02 81 12 81 02 81 1F 81 02 81 12 81 02 81 1F 81 02 81 12 81 02 81 1F 81 02 81 12 81 02 81 1F 81 02 81 12 81 02 81 1F 81 02 81 12 81 02 81 1F 81 02 81 12 81 02 81 1F 81 02 81 12 81 02 81 1F 81 02 81 12 81 02 81 1F 81 02 81 12 81 02 81 1F 81 02 81 12 81 02 81 1F 81 02 81 12 81 02 81 1F 81 02 81 12 81 02 81 1F 81 02 81 1A 81 02 02 1A 81 02 02 1A 81 02 02 1A 81 02 02 1A 81 02 02 1A 81 02 02 1A 81 02 02 1A 81 02 02 1A 81 02 02 1A 81 02 02 1A 81 02 02 1A 81 02 02 1A 81 02 02 1A 81 02 02 1A 81 02 02 1A 81 02 02 1A 81 02 02 1A 81 02 02 1A 81 02 02 1A 81 02 02 1A 81 02 02 1A 81 02 02 1A 81 02 02 1A 81 02 02 1A 81 02 02 1A 81 02 02 1A 81 02 02 1A 81 02 02 1A 81 02 02 1A 81 02 02 1A 81 02 02 1A 81 02 02 1A 81 02 02 1A 81 02 02 1A 81 02 02 1A 81 02 02 1A 81 02 02 1A 81 02 02 1A 81 02 02 0A 0A 0A 0A 1A 81 02 02 1A 81 02 02 1A 81 02 02 1A 81 02 02 1A 81 02 02 1A 81 02 02 1A 81 02 02 0A 0A 0A 0A 61",
