   # Channel 0 - 1 
   "61 81 43 81 43 81 43 81 43 81 40 81 3E 81 3C 81 40 81 3C 83 37 83 40 81 3E 81 3C 81 40 81 3C 83 37 85 40 83 40 81 3E 81 61 8B 61 81 41 81 41 81 41 81 41 81 3E 81 3C 81 3B 81 3E 81 3B 83 37 83 40 81 3E 81 3C 81 3E 81 3B 83 37 85 3E 83 3E 81 3C 81 61 93 2B 81 2B 81 2D 81 2E 81 2F 83 41 83 41 81 40 81 61 81 3E 81 61 87 2B 81 2B 81 2D 81 2F 81 30 83 40 83 41 81 42 81 61 81 43 81 61 87 2B 81 2B 81 2D 81 2E 81 2F 83 41 83 41 81 40 81 61 81 3E 81 61 87 2B 81 2B 81 2D 81 2F 81 30 83 61 8B 70 58 14 61 81 2B 81 2B 81 2B 81 2B 81 28 81 26 81 24 81 28 81 24 83 1F 83 28 81 26 81 24 81 28 81 24 83 1F 85 28 83 28 81 26 81 61 8B 61 81 29 81 29 81 29 81 29 81 26 81 24 81 23 81 26 81 23 83 1F 83 26 81 24 81 23 81 26 81 23 81 1F 85 26 85 26 81 24 81 61 8B 61 62",
   # Channel 1 - 2
   "61 97 61 97 61 83 3E 83 3E 81 40 81 61 81 41 81 61 97 61 97 41 81 40 81 61 81 40 81 61 81 3E 81 40 81 41 81 43 81 61 85 37 81 37 81 39 81 3A 81 3B 83 61 93 37 81 37 81 39 81 3B 81 3C 83 61 93 37 81 37 81 39 81 3A 81 3B 83 61 93 37 81 37 81 39 81 3B 81 3C 83 61 97 61 97 61 8F 3E 83 3E 81 40 81 61 81 41 81 61 8F 61 97 61 97 61",

   # Channel 2 - 3
   "18 83 61 81 13 81 18 83 61 81 13 81 18 83 61 81 13 81 18 83 61 81 13 81 18 83 61 81 13 81 18 83 61 81 13 81 13 83 61 81 0E 81 13 81 13 81 15 81 17 81 13 83 61 81 0E 81 13 83 61 81 0E 81 13 83 61 81 0E 81 13 83 61 81 0E 81 13 83 61 81 0E 81 13 83 61 81 0E 81 18 83 61 81 18 81 18 81 18 81 18 81 18 81 18 83 61 83 13 81 13 81 15 81 16 81 17 83 61 83 13 83 61 81 0E 81 13 83 61 83 13 81 13 81 15 81 17 81 18 83 61 83 18 83 61 81 13 81 18 83 61 83 13 81 13 81 15 81 16 81 17 83 61 83 13 83 61 81 0E 81 13 83 61 83 13 81 13 81 15 81 17 81 18 83 61 83 18 81 18 81 18 81 18 81 18 83 61 81 13 81 18 83 61 81 13 81 18 83 61 81 13 81 18 83 61 81 13 81 18 83 61 81 13 81 18 83 61 81 13 81 13 83 61 81 0E 81 13 83 61 81 0E 81 13 83 61 81 0E 81 13 83 61 81 0E 81 13 83 61 81 0E 81 13 83 61 81 0E 81 13 83 61 81 0E 81 13 83 61 81 0E 81 18 83 61 81 13 81 61 87 61",
   # Channel 3 - 4
   "61 81 37 81 37 81 37 81 37 81 34 81 32 81 30 81 34 81 30 83 2B 83 34 81 32 81 30 81 34 81 30 83 2B 85 34 83 34 81 32 81 61 8D 35 81 35 81 35 81 35 81 32 81 30 81 2F 81 32 81 2F 83 2B 83 34 81 32 81 30 81 32 81 2F 83 2B 85 32 83 32 81 30 81 61 93 1F 81 1F 81 21 81 22 81 23 83 35 83 35 81 34 81 61 81 32 81 61 87 1F 81 1F 81 21 81 23 81 24 83 34 83 35 81 36 81 61 81 37 81 61 87 1F 81 1F 81 21 81 22 81 23 83 35 83 35 81 34 81 61 81 32 81 61 87 1F 81 1F 81 21 81 23 81 24 83 70 00 10 61 8D 37 81 37 81 37 81 37 81 34 81 32 81 30 81 34 81 30 83 2B 83 34 81 32 81 30 81 34 81 30 83 2B 85 34 83 34 81 32 81 61 8D 35 81 35 81 35 81 35 81 32 81 30 81 2F 81 32 81 2F 83 2B 83 32 81 30 81 2F 81 32 81 2F 81 2B 85 32 85 32 81 30 81 61 8B 61",
    
   # Channel 4 - 5
   "",

   # Channel 5 - 6
   "",

   # Channel 6 (Drums) -7 - 5
   "12 81 02 81 1A 81 02 81 12 81 02 81 1A 81 02 81 12 81 02 81 1A 81 02 81 12 81 02 81 1A 81 02 81 12 81 02 81 1A 81 02 81 12 81 02 81 1A 81 02 81 12 81 02 81 1A 81 02 81 12 81 02 81 08 08 08 08 12 81 02 81 1A 81 02 81 12 81 02 81 1A 81 02 81 12 81 02 81 1A 81 02 81 12 81 02 81 1A 81 02 81 12 81 02 81 1A 81 02 81 12 81 02 81 1A 81 02 81 12 81 02 02 1A 81 02 02 08 08 08 08 08 08 08 08 12 81 02 02 1A 81 02 02 1A 81 1A 81 1A 81 1A 81 1A 81 02 81 1A 81 02 81 1A 81 1A 83 1A 81 12 81 02 02 1A 81 02 02 1A 81 1A 81 1A 81 1A 81 1A 81 02 81 1A 81 02 81 1A 81 1A 83 1A 81 12 81 02 02 1A 81 02 02 1A 81 1A 81 1A 81 1A 81 1A 81 02 81 1A 81 02 81 1A 81 1A 83 1A 81 12 81 02 02 1A 81 02 02 1A 81 1A 81 1A 81 1A 81 1A 81 02 02 1A 81 02 02 08 08 08 08 08 08 08 08 12 81 02 81 1A 81 02 81 12 81 02 81 1A 81 02 81 12 81 02 81 1A 81 02 81 12 81 02 81 1A 81 02 81 12 81 02 81 1A 81 02 81 12 81 02 81 1A 81 02 81 12 81 02 81 1A 81 02 81 12 81 02 81 08 08 08 08 12 81 02 81 1A 81 02 81 12 81 02 81 1A 81 02 81 12 81 02 81 1A 81 02 81 12 81 02 81 1A 81 02 81 12 81 02 81 1A 81 02 81 12 81 02 81 1A 81 02 81 12 81 02 02 1A 81 02 02 08 08 08 08 08 08 08 08 61",
