   # Channel 0 - 1 - hex FE FE FE FE FE FE 8A at last notes
   "61 81 42 81 41 81 43 81 45 81 43 81 41 81 43 81 41 81 43 81 40 81 43 81 3E 81 43 81 3C 81 43 81 3B 81 43 81 42 81 43 81 45 81 43 81 41 81 43 81 47 82 48 47 81 45 81 43 81 45 81 42 81 43 81 40 81 43 81 42 81 43 81 45 81 43 81 41 81 43 81 48 61 37 81 3C 81 3B 81 3C 81 3E 81 40 81 41 81 43 83 43 81 41 81 43 83 43 81 41 81 43 83 43 81 41 81 43 81 45 81 41 81 43 81 40 8F 61 81 37 81 3C 81 3B 81 3C 81 3E 81 40 81 41 81 43 83 43 81 41 81 43 83 43 81 41 81 43 83 43 81 41 81 40 81 41 81 3E 81 40 81 3C 8F 61 81 37 81 3C 81 3B 81 3C 81 3E 81 40 81 41 81 43 83 43 81 41 81 43 83 43 81 41 81 43 83 43 81 41 81 43 81 45 81 41 81 43 81 40 8F 61 81 37 81 3C 81 3B 81 3C 81 3E 81 40 81 41 81 43 83 43 81 41 81 43 83 43 81 41 81 43 83 43 81 41 81 40 81 41 81 3E 81 40 81 3C 8F 63 ",
   # Channel 1 - 2 - hex FE FE FE FE FE FE 8B at last notes
   "24 83 61 83 24 83 61 83 24 83 1F 81 23 81 24 83 1F 81 23 81 2B 83 26 81 2A 81 2B 83 26 81 2A 81 2B 83 26 81 2A 81 2B 83 26 81 2A 81 24 83 1F 81 23 81 24 83 1F 81 23 81 24 81 61 81 61 8B 2B 85 26 81 26 83 29 83 2B 85 26 81 26 83 26 83 24 85 1F 81 1F 83 23 83 24 85 1F 81 1F 83 29 83 2B 85 26 81 26 83 29 83 2B 85 26 81 26 83 26 83 24 85 1F 81 1F 83 2F 83 24 81 61 81 61 87 29 83 2B 85 26 81 26 83 29 83 2B 85 26 81 26 83 26 83 24 85 1F 81 1F 83 23 83 24 85 1F 81 1F 83 29 83 2B 85 26 81 26 83 29 83 2B 85 26 81 26 83 26 83 24 85 1F 81 1F 83 23 83 61 ",

   # Channel 2 - 3 - FE FE FE FE FE FE FE FE 90 does not contain notes 
   "",
   # Channel 3 - 4 - FE FE FE FE FE FE FE FE 90 does not contain notes 
   "",
    
   # Channel 4 - 5 - FE FE FE FE FE FE FE FE 90 does not contain notes 
   "",

   # Channel 5 - 6 - FE FE FE FE FE FE FE FE 90 does not contain notes 
   "",

   # Channel 6 (Drums) -7 - 5 - hex FE FE FE FE FE FE 8F 00 at last notes
   "11 81 01 81 09 81 09 81 11 81 01 81 09 81 01 81 11 81 01 81 09 81 09 81 11 81 01 81 09 81 01 81 11 81 01 81 09 81 09 81 11 81 01 81 09 81 01 81 11 81 01 81 09 81 09 81 11 81 01 81 09 81 01 81 11 81 01 81 09 81 09 81 11 81 01 81 09 81 01 81 18 83 20 83 08 08 08 08 08 81 08 81 11 81 01 01 09 81 01 81 11 81 09 81 05 81 05 81 11 81 01 01 09 81 01 81 11 81 09 81 05 81 05 81 11 81 01 01 09 81 01 81 11 81 09 81 05 81 05 81 11 81 01 01 09 81 01 81 11 81 09 81 05 81 05 81 11 81 01 01 09 81 01 81 11 81 09 81 05 81 05 81 11 81 01 01 09 81 01 81 11 81 09 81 05 81 05 81 11 81 01 01 09 81 01 81 11 81 09 81 05 81 05 81 18 83 20 83 08 08 08 08 08 81 08 81 11 81 01 01 09 81 01 81 11 81 09 81 05 81 05 81 11 81 01 01 09 81 01 81 11 81 09 81 05 81 05 81 11 81 01 01 09 81 01 81 11 81 09 81 05 81 05 81 11 81 01 01 09 81 01 81 11 81 09 81 05 81 05 81 11 81 01 01 09 81 01 81 11 81 09 81 05 81 05 81 11 81 01 01 09 81 01 81 11 81 09 81 05 81 05 81 18 83 20 83 08 08 08 08 08 81 08 81 ",
