   # Channel 0 - 1 - hex FE FE FE FE FE FE 8A at last notes
   "34 81 34 81 34 81 34 81 61 87 34 81 34 81 34 81 34 81 61 87 34 81 34 81 34 81 34 81 28 81 28 81 28 81 28 81 28 81 28 81 28 81 28 81 34 81 34 81 33 81 34 81 35 81 36 81 37 81 38 81 2D 81 2D 81 2D 81 30 81 34 81 34 81 35 81 34 81 2D 81 2D 81 2D 81 30 81 34 81 34 81 35 81 34 81 2D 81 2D 81 2D 81 30 81 34 81 34 81 35 81 34 81 2D 8B 3C 83 40 81 3F 81 3E 81 3D 81 3C 81 3D 81 3E 81 3F 81 40 81 3F 81 3E 81 3D 81 3C 81 3D 81 3E 81 3F 81 40 81 3F 81 3E 81 3D 81 3C 81 3D 81 3E 81 3F 81 40 87 61 83 40 83 45 81 44 81 43 81 42 81 41 81 42 81 43 81 44 81 45 81 44 81 43 81 42 81 41 81 42 81 43 81 44 81 45 81 44 81 43 81 42 81 41 81 42 81 43 81 44 81 45 87 61 83 34 83 40 83 40 81 40 81 40 81 40 81 3B 81 40 81 41 83 41 81 41 81 41 81 41 81 3C 81 41 81 40 83 40 81 40 81 40 81 40 81 3B 81 40 81 41 83 41 81 41 81 41 81 41 81 3C 81 41 81 28 81 61 87 28 81 28 81 28 81 28 81 61 87 28 81 28 81 28 81 28 83 28 81 28 81 28 81 28 81 28 81 28 81 34 81 34 81 33 81 32 81 31 81 30 81 2F 81 2E 81 2D 81 2D 81 2D 81 30 81 34 81 34 81 35 81 34 81 2D 81 2D 81 2D 81 30 81 34 81 34 81 35 81 34 81 2D 81 2D 81 2D 81 30 81 34 81 34 81 35 81 34 81 2D 83 2D 81 30 81 30 81 34 81 61 81 48 81 4C 81 4B 81 4A 81 49 81 48 81 49 81 4A 81 4B 81 4C 81 4B 81 4A 81 49 81 48 81 49 81 4A 81 4B 81 4C 81 4B 81 4A 81 49 81 48 81 49 81 4A 81 4B 81 4C 87 61 83 4C 83 51 81 50 81 4F 81 4E 81 4D 81 4E 81 4F 81 50 81 51 81 50 81 4F 81 4E 81 4D 81 4E 81 4F 81 50 81 51 81 50 81 4F 81 4E 81 4D 81 4E 81 4F 81 50 81 39 8F 63 ",
   # Channel 1 - 2 - hex FE FE FE FE FE FE 8B at last notes
   "61 87 28 81 28 81 28 81 28 81 61 87 28 81 28 81 28 81 28 81 61 87 28 81 28 81 61 83 28 81 28 81 61 81 28 81 28 81 61 81 28 81 27 81 26 81 25 81 24 81 23 81 21 81 21 81 21 81 24 81 28 81 28 81 29 81 28 81 21 81 21 81 21 81 24 81 28 81 28 81 29 81 28 81 21 81 21 81 21 81 24 81 28 81 28 81 29 81 28 81 21 81 21 81 21 81 24 81 28 81 28 81 29 81 28 81 21 81 21 81 21 81 24 81 28 81 28 81 29 81 28 81 21 81 21 81 21 81 24 81 28 81 28 81 29 81 28 81 21 81 21 81 21 81 24 81 28 81 28 81 29 81 28 81 26 81 28 81 61 81 26 81 28 81 28 81 29 81 28 81 26 81 26 81 26 81 29 81 2D 81 2D 81 2F 81 2D 81 26 81 26 81 26 81 29 81 2D 81 2D 81 2F 81 2D 81 26 81 26 81 26 81 29 81 2D 81 2D 81 2F 81 2D 81 26 81 26 81 26 81 29 81 2D 81 2D 81 2F 81 2D 81 28 83 28 81 28 81 61 81 28 81 28 81 28 81 29 83 29 81 29 81 61 81 29 81 29 81 29 81 28 83 28 81 28 81 61 81 28 81 28 81 28 81 29 83 29 81 29 81 61 81 29 81 29 81 29 81 1C 81 61 87 1C 81 1C 81 1C 81 1C 81 61 87 1C 81 1C 81 1C 81 28 83 28 81 28 81 61 81 28 81 28 81 28 81 28 81 61 81 28 81 27 81 26 81 25 81 24 81 23 81 21 81 21 81 21 81 24 81 28 81 28 81 29 81 28 81 21 81 21 81 21 81 24 81 28 81 28 81 29 81 28 81 21 81 21 81 21 81 24 81 28 81 28 81 29 81 28 81 21 81 21 81 21 81 24 81 28 81 28 81 29 81 28 81 21 81 21 81 21 81 24 81 28 81 28 81 29 81 28 81 21 81 21 81 21 81 24 81 28 81 28 81 29 81 28 81 21 81 21 81 21 81 24 81 28 81 28 81 29 81 28 81 21 81 21 81 21 81 24 81 28 81 28 81 29 81 28 81 26 81 26 81 26 81 29 81 2D 81 2D 81 2F 81 2D 81 26 81 26 81 26 81 29 81 2D 81 2D 81 2F 81 2D 81 26 81 26 81 26 81 29 81 2D 81 2D 81 2F 81 2D 81 26 81 26 81 26 81 29 81 2D 81 2D 81 2F 81 2D 81 61 ",

   # Channel 2 - 3 - hex FE FE FE FE FE FE FE FE 90 does not contains notes
   "",
   # Channel 3 - 4 - hex FE FE FE FE FE FE FE FE 90 does not contains notes
   "",
    
   # Channel 4 - 5 - hex FE FE FE FE FE FE FE FE 90 does not contains notes
   "",

   # Channel 5 - 6 - hex FE FE FE FE FE FE FE FE 90 does not contains notes
   "",

   # Channel 6 (Drums) -7 - 5 - hex FE FE FE FE FE FE 8F at last notes
   "20 87 18 81 18 81 18 81 18 81 20 87 18 81 18 81 18 81 18 81 20 87 10 81 10 81 08 81 10 81 10 83 08 81 10 81 18 81 18 81 18 81 18 81 18 81 18 81 18 81 18 81 11 81 11 81 09 81 09 81 11 81 11 81 09 81 01 81 11 81 11 81 09 81 09 81 11 81 11 81 09 81 01 81 11 81 11 81 09 81 09 81 11 81 11 81 09 81 01 81 18 08 08 08 14 04 04 04 18 08 08 08 14 04 04 04 11 81 11 81 09 81 09 81 11 81 11 81 09 81 01 81 11 81 11 81 09 81 09 81 11 81 11 81 09 81 01 81 11 81 11 81 09 81 09 81 11 81 11 81 09 81 01 81 18 08 08 08 14 04 04 04 18 08 08 08 14 04 04 04 11 81 11 81 09 81 09 81 11 81 11 81 09 81 01 81 11 81 11 81 09 81 09 81 11 81 11 81 09 81 01 81 11 81 11 81 09 81 09 81 11 81 11 81 09 81 01 81 18 08 08 08 14 04 04 04 18 08 08 08 14 04 04 04 18 83 18 81 18 81 20 81 18 81 18 81 18 81 18 83 18 81 18 81 20 81 18 81 18 81 18 81 18 83 18 81 18 81 20 81 18 81 18 81 18 81 18 83 18 81 18 81 20 81 18 81 18 81 18 81 18 87 20 81 18 81 18 81 18 81 18 87 20 81 18 81 18 81 18 81 18 87 20 81 18 81 18 81 18 81 18 81 18 81 18 81 18 81 18 81 18 81 18 81 18 81 11 81 11 81 09 81 09 81 11 81 11 81 09 81 01 81 11 81 11 81 09 81 09 81 11 81 11 81 09 81 01 81 11 81 11 81 09 81 09 81 11 81 11 81 09 81 01 81 18 08 08 08 14 04 04 04 18 08 08 08 14 04 04 04 11 81 11 81 09 81 09 81 11 81 11 81 09 81 01 81 11 81 11 81 09 81 09 81 11 81 11 81 09 81 01 81 11 81 11 81 09 81 09 81 11 81 11 81 09 81 01 81 18 08 08 08 14 04 04 04 18 08 08 08 14 04 04 04 11 81 11 81 09 81 09 81 11 81 11 81 09 81 01 81 11 81 11 81 09 81 09 81 11 81 11 81 09 81 01 81 11 81 11 81 09 81 09 81 11 81 11 81 09 81 01 81 18 08 08 08 14 04 04 04 18 08 08 08 14 04 04 04 18 83 18 81 18 81 20 81 18 81 18 81 18 81 ",
