   # Channel 0 - 1 - hex FE FE FE FE FE FE 8A at last notes
   "61 EF 61 EF 61 8F 61 87 30 81 2B 81 32 81 2B 81 32 81 34 81 34 81 34 81 34 81 34 81 32 81 30 81 32 81 34 81 34 81 34 81 61 81 34 81 34 81 37 81 32 81 32 81 32 81 34 81 32 81 32 81 30 81 30 81 2D 87 61 81 32 81 32 81 34 81 35 81 35 81 35 81 35 81 35 81 35 81 34 81 32 81 34 81 35 81 35 81 35 81 35 81 35 81 34 81 32 81 34 83 37 8B 61 87 61 81 30 81 30 81 32 81 32 81 34 81 34 81 34 81 34 81 34 81 32 81 30 81 32 81 34 81 34 81 34 81 61 81 34 81 34 81 37 81 32 81 32 81 32 81 34 81 32 81 32 81 30 81 30 81 2D 87 61 81 32 81 32 81 34 81 35 81 35 81 35 81 35 81 35 81 35 81 34 81 32 81 34 81 35 81 35 81 35 81 61 81 35 81 35 81 35 81 34 81 34 81 34 81 34 81 32 81 32 81 32 81 32 81 30 87 61 81 30 81 30 81 30 81 39 81 39 81 39 81 39 81 39 81 39 81 39 81 39 81 39 81 39 81 37 81 35 81 61 81 3C 81 3B 81 39 81 3C 81 3C 81 3C 81 3C 81 61 81 37 81 39 83 37 81 34 81 34 83 61 81 34 81 34 81 34 81 32 81 32 81 32 81 32 81 30 81 32 81 61 81 2B 81 35 81 35 81 35 81 37 81 34 81 34 81 32 81 32 81 30 87 61 8F 61 83 2B 83 30 87 61 81 30 81 30 81 34 81 37 81 37 81 37 83 61 81 39 83 3B 81 3C 87 39 81 37 83 39 81 39 87 61 81 39 81 39 81 39 81 37 87 37 81 34 83 32 81 32 87 32 81 32 81 30 81 32 81 34 87 61 8F 61 83 2B 83 30 87 61 81 30 81 30 81 34 81 37 81 37 81 37 83 61 81 39 83 3B 81 3C 87 39 81 37 83 39 81 39 87 61 81 39 81 39 81 39 81 37 87 37 81 34 83 32 81 32 87 32 81 32 81 30 81 32 81 30 8F 61 8B 2B 83 30 87 61 81 30 81 30 81 34 81 37 81 37 81 37 83 61 81 39 83 3B 81 3C 87 39 81 37 83 39 81 39 87 61 81 39 81 39 81 39 81 37 87 37 81 34 83 32 81 32 87 32 81 32 81 30 81 32 81 34 87 61 8F 61 83 2B 83 30 87 61 81 30 81 30 81 34 81 37 81 37 81 37 83 61 81 39 83 3B 81 3C 87 39 81 37 83 39 81 39 87 61 81 39 81 39 81 39 81 37 87 37 81 34 83 32 81 32 87 32 81 32 81 30 81 32 81 30 8F 61 EF 61 EF 61 9F 61 63 ",
   
   # Channel 1 - 2 - hex FE FE FE FE FE 8B at last notes
   "24 85 24 81 24 87 1F 85 1F 81 1F 83 1F 81 1C 81 21 85 21 81 21 85 1C 81 21 85 21 81 21 81 1C 81 21 83 24 85 24 81 24 87 1F 85 1F 81 1F 85 1C 81 21 85 21 81 21 83 21 81 1F 81 21 85 21 81 21 81 1C 81 21 81 1F 81 1D 85 1D 81 1D 83 1D 81 21 81 1F 85 1F 81 1F 85 1C 81 21 85 21 81 21 83 21 81 1F 81 1D 85 1D 81 1D 87 24 85 24 81 24 87 1F 85 1F 81 1F 87 21 85 21 81 21 85 1C 81 21 85 21 81 21 83 1F 83 24 85 24 81 24 87 24 85 24 81 24 87 26 85 26 81 26 83 26 81 28 81 26 85 26 81 26 87 26 85 26 81 26 87 26 85 26 81 26 87 24 85 24 81 24 87 24 85 24 81 24 81 24 81 24 81 1F 81 24 85 24 81 24 87 24 85 24 81 24 87 26 85 26 81 26 87 26 85 26 81 26 87 26 85 26 81 26 87 26 85 26 81 26 87 24 85 24 81 1F 87 24 85 24 81 24 81 24 81 24 81 24 81 1D 85 1D 81 1D 87 1D 85 1D 81 1D 81 1D 81 1D 81 21 81 24 85 24 81 24 87 24 85 24 81 24 87 1F 85 1F 81 1F 87 1F 85 1F 81 1F 85 26 81 24 85 24 81 24 83 29 83 24 85 24 81 24 81 24 81 24 81 24 81 24 85 24 81 24 81 24 81 24 83 1F 85 1F 81 1F 81 1A 81 1F 83 21 85 21 81 21 81 1C 81 21 83 1D 85 1D 81 1D 81 1D 81 1D 83 24 85 24 81 24 87 1F 85 1F 81 1F 81 1F 81 1F 81 1A 81 24 85 24 81 24 81 1F 81 24 83 1F 81 1F 81 1F 81 1F 81 1F 81 1F 81 1F 81 1F 81 24 85 24 81 24 81 24 81 24 83 1F 85 1F 81 1F 81 1A 81 1F 83 21 85 21 81 21 81 1C 81 21 83 1D 85 1D 81 1D 81 1D 81 1D 83 24 85 24 81 24 81 24 81 24 83 1F 85 1F 81 1F 81 1F 81 1F 81 26 81 24 85 24 81 24 81 24 81 24 83 1F 81 1F 81 1F 81 1F 81 1F 81 1F 81 1F 81 1F 81 24 85 24 81 24 81 24 81 24 83 1F 85 1F 81 1F 81 1A 81 1F 83 21 85 21 81 21 81 1C 81 21 83 1D 85 1D 81 1D 81 1D 81 1D 83 24 85 24 81 24 87 1F 85 1F 81 1F 81 1F 81 1F 81 1A 81 24 85 24 81 24 81 1F 81 24 83 1F 81 1F 81 1F 81 1F 81 1F 81 1F 81 1F 81 1F 81 24 85 24 81 24 81 24 81 24 83 1F 85 1F 81 1F 81 1A 81 1F 83 21 85 21 81 21 81 1C 81 21 83 1D 85 1D 81 1D 81 1D 81 1D 83 24 85 24 81 24 81 24 81 24 83 1F 85 1F 81 1F 81 1F 81 1F 81 26 81 24 85 24 81 24 87 1F 85 1F 85 1F 83 21 85 21 85 21 83 21 85 21 85 21 83 24 85 24 81 24 83 24 81 21 81 1F 85 1F 81 1F 83 1F 83 21 85 21 85 21 83 21 85 21 81 21 81 1C 81 21 81 1F 81 1D 85 1D 81 1D 83 1D 81 1A 81 1F 85 1F 81 1F 87 21 85 21 81 21 83 21 81 1F 81 1D 85 1D 85 1D 81 26 81 24 85 24 81 24 83 24 83 1F 85 1F 81 1F 83 1F 81 21 81 1D 85 1D 85 1D 81 1A 81 1D 81 1D 81 1D 81 18 81 1D 83 1D 83 24 8F 61 ",

   # Channel 2 - 3 - hex FE FE FE FE FE FE 8C at last notes
   "2B 85 30 85 37 83 35 83 34 81 32 81 32 83 32 81 34 81 32 81 30 83 2D 81 2D 87 61 8F 2B 85 30 85 37 83 35 83 34 81 32 81 32 83 32 81 34 81 32 81 30 83 2D 81 2D 87 61 8B 61 81 39 3B 3C 85 3B 85 39 83 37 85 35 81 35 83 35 81 37 81 35 81 34 83 34 81 34 83 32 81 30 81 32 81 30 83 30 81 30 87 2B 85 30 85 37 83 35 83 34 81 32 81 32 83 32 81 34 81 32 81 30 83 2D 81 2D 87 61 EF 61 EF 61 EF 61 EF 61 EF 61 EF 61 EF 61 DF 2B 85 30 85 37 83 35 83 34 81 32 81 32 83 32 81 34 81 32 81 30 83 2D 81 2D 87 2D 8B 61 83 2B 85 30 85 37 83 35 83 34 81 32 81 32 83 32 81 34 81 32 81 30 83 2D 81 2D 87 2D 87 61 85 3A 81 3C 85 3B 85 39 83 37 85 35 81 35 83 35 81 37 81 35 81 34 83 34 81 34 83 32 81 30 81 32 81 30 83 30 81 30 87 2B 85 30 85 37 83 35 83 34 81 32 81 32 83 32 81 34 81 32 81 30 83 30 81 30 87 30 8F 61 8F 61 ",
  
   # Channel 3 - 4 - hex FE FE FE FE FE FE FE FE 8D at last notes
   "61 EF 61 EF 61 EF 61 A9 34 81 34 81 35 81 35 81 37 81 37 81 37 81 37 81 37 81 35 81 34 81 35 81 37 81 37 81 37 81 61 81 37 81 37 81 3C 81 35 81 35 81 35 81 37 81 35 81 35 81 34 81 34 81 32 87 61 81 35 81 35 81 37 81 39 81 39 81 39 81 39 81 39 81 39 81 39 81 37 81 37 81 39 81 39 81 39 81 61 81 39 81 39 81 39 81 37 81 37 81 37 81 37 81 35 81 35 81 35 81 35 81 34 83 61 8B 3C 81 3C 81 3C 81 3C 81 3C 81 3C 81 3C 81 3C 81 3C 81 3C 81 3B 81 39 81 61 81 40 81 3E 81 3C 81 40 81 40 81 40 81 40 81 61 81 37 81 39 83 3C 81 37 81 37 83 61 87 61 8F 3B 81 3B 81 3B 81 3B 81 37 81 37 81 35 81 35 81 34 87 61 ",
    
   # Channel 4 - 5 - hex 61 FE FE FE FE FE FE FE FE 90 - does not contain notes 
   "",

   # Channel 5 - 6 - hex 61 FE FE FE FE FE FE FE FE 90 - does not contain notes 
   "",

   # Channel 6 (Drums) -7 - 5 - hex FE FE FE FE FE FE 8F at last notes
   "11 81 01 81 09 81 11 81 01 81 01 81 09 81 01 81 11 81 01 81 09 81 11 81 01 81 01 81 09 81 01 81 11 81 01 81 09 81 11 81 01 81 01 81 09 81 01 81 11 81 01 81 09 81 11 81 01 81 01 81 09 81 01 81 11 81 01 81 09 81 11 81 01 81 01 81 09 81 01 81 11 81 01 81 09 81 11 81 01 81 01 81 09 81 01 81 11 81 01 81 09 81 11 81 01 81 01 81 09 81 01 81 11 81 01 81 09 81 11 81 01 81 01 81 09 81 01 81 11 81 01 81 09 81 11 81 01 81 01 81 09 81 01 81 11 81 01 81 09 81 11 81 01 81 01 81 09 81 01 81 11 81 01 81 09 81 11 81 01 81 01 81 09 81 01 81 11 81 01 81 09 81 11 81 01 81 01 81 09 81 01 81 11 81 01 81 09 81 11 81 01 81 01 81 09 81 01 81 11 81 01 81 09 81 11 81 01 81 01 81 09 81 01 81 11 81 01 81 09 81 11 81 01 81 01 81 09 81 01 81 11 81 01 81 09 81 11 81 01 81 01 81 09 81 01 81 11 81 01 81 09 81 11 81 01 81 01 81 09 81 01 81 11 81 01 81 09 81 11 81 01 81 01 81 09 81 01 81 11 81 01 81 09 81 11 81 01 81 01 81 09 81 01 81 11 81 01 81 09 81 11 81 01 81 01 81 09 81 01 81 11 81 01 81 09 81 11 81 01 81 01 81 09 81 01 81 11 81 01 81 09 81 11 81 01 81 01 81 09 81 01 81 11 81 01 81 09 81 11 81 01 81 01 81 09 81 01 81 11 81 01 81 09 81 11 81 19 11 19 11 19 15 19 19 11 81 01 81 09 81 11 81 01 81 01 81 09 81 01 81 11 81 01 81 09 81 11 81 01 81 01 81 09 81 01 81 11 81 01 81 09 81 11 81 01 81 01 81 09 81 01 81 11 81 01 81 09 81 11 81 01 81 01 81 09 81 01 81 11 81 01 81 09 81 11 81 01 81 01 81 09 81 01 81 11 81 01 81 09 81 11 81 01 81 01 81 09 81 01 81 11 81 01 81 09 81 11 81 01 81 01 81 09 81 01 81 11 81 01 81 09 81 11 81 19 11 19 11 19 15 19 19 11 81 01 81 09 81 11 81 01 81 01 81 09 81 11 81 11 81 01 81 09 81 11 81 01 81 01 81 09 81 11 81 11 81 01 81 09 81 11 81 01 81 01 81 09 81 11 81 11 81 01 81 09 81 11 81 01 81 01 81 09 81 11 81 11 81 01 81 09 81 11 81 01 81 01 81 09 81 11 81 11 81 01 81 09 81 11 81 01 81 01 81 09 81 11 81 11 81 01 81 09 81 11 81 01 81 01 81 11 83 20 87 19 11 19 11 19 19 19 19 11 81 01 81 09 81 11 81 01 81 11 81 09 81 01 81 11 81 01 81 09 81 11 81 01 81 11 81 09 81 01 81 11 81 01 81 09 81 11 81 01 81 11 81 09 81 01 81 11 81 01 81 09 81 11 81 01 81 11 81 09 81 01 81 11 81 01 81 09 81 11 81 01 81 11 81 09 81 01 81 11 81 01 81 09 81 11 81 01 81 11 81 09 81 01 81 11 81 01 81 09 81 11 81 01 81 11 81 09 81 01 81 19 81 19 81 19 81 19 81 19 11 19 11 19 15 19 19 11 81 01 81 09 81 11 81 01 81 11 81 09 81 01 81 11 81 01 81 09 81 11 81 01 81 11 81 09 81 01 81 11 81 01 81 09 81 11 81 01 81 11 81 09 81 01 81 11 81 01 81 09 81 11 81 01 81 11 81 09 81 01 81 11 81 01 81 09 81 11 81 01 81 11 81 09 81 01 81 11 81 01 81 09 81 11 81 01 81 11 81 09 81 01 81 11 81 01 81 09 81 11 81 01 81 01 81 09 81 01 81 19 81 19 81 19 81 19 81 19 11 19 11 19 19 19 19 11 81 01 81 09 81 11 81 01 81 01 81 09 81 01 81 11 81 01 81 09 81 11 81 01 81 01 81 09 81 01 81 11 81 01 81 09 81 11 81 01 81 01 81 09 81 01 81 11 81 01 81 09 81 11 81 01 81 01 81 09 81 01 81 11 81 01 81 09 81 11 81 01 81 01 81 09 81 01 81 11 81 01 81 09 81 11 81 01 81 01 81 09 81 01 81 11 81 01 81 09 81 11 81 01 81 01 81 09 81 01 81 19 81 19 81 19 81 19 81 19 11 19 11 19 15 19 19 11 81 01 81 09 81 11 81 01 81 01 81 09 81 01 81 11 81 01 81 09 81 11 81 01 81 01 81 09 81 01 81 11 81 01 81 09 81 11 81 01 81 01 81 09 81 01 81 11 81 01 81 09 81 11 81 01 81 01 81 09 81 01 81 11 81 01 81 09 81 11 81 01 81 01 81 09 81 01 81 11 81 01 81 09 81 11 81 01 81 01 81 09 81 01 81 11 81 01 81 09 81 11 81 01 81 01 81 09 81 01 81 11 81 01 81 09 81 11 81 01 81 01 81 09 81 01 81 11 81 01 81 09 81 11 81 01 81 01 81 09 81 01 81 11 81 01 81 09 81 11 81 01 81 01 81 09 81 01 81 11 81 01 81 09 81 11 81 01 81 01 81 09 81 01 81 11 81 01 81 09 81 11 81 01 81 01 81 09 81 01 81 11 81 01 81 09 81 11 81 01 81 01 81 09 81 01 81 11 81 01 81 09 81 11 81 01 81 01 81 09 81 01 81 11 81 01 81 09 81 11 81 01 81 01 81 09 81 01 81 11 81 01 81 09 81 11 81 01 81 01 81 09 81 01 81 11 81 01 81 09 81 11 81 01 81 01 81 09 81 01 81 11 81 01 81 09 81 11 81 01 81 01 81 09 81 01 81 11 81 01 81 09 81 11 81 01 81 01 81 09 81 01 81 11 81 01 81 09 81 11 81 01 81 01 81 09 81 01 81 11 81 01 81 09 81 11 81 01 81 01 81 09 81 01 81 20 8F 03 8F ",

