   # Channel 0 - 1 - hex FE FE FE FE FE FE 8A at last notes
   "2B 83 30 83 34 83 61 81 34 81 34 83 34 81 61 81 34 85 32 83 34 81 32 81 34 81 32 81 30 81 30 8B 61 85 2B 81 2B 83 30 83 32 34 82 61 81 30 81 30 83 34 83 35 37 82 61 81 39 81 39 81 37 81 35 81 34 81 30 32 82 61 8F 61 35 37 81 37 83 35 83 34 81 61 82 32 34 81 34 83 32 83 30 81 61 83 32 81 32 81 30 81 32 81 34 81 37 81 35 81 61 8F 61 2F 30 81 30 83 2D 83 2B 83 61 2D 2F 81 2F 83 30 83 32 81 61 83 34 81 34 83 32 83 30 30 30 81 30 30 30 81 30 30 30 81 30 30 30 81 30 82 2B 2B 61 2B 81 61 81 34 81 34 81 34 81 34 83 37 81 37 81 37 83 34 81 34 81 34 83 37 81 37 81 37 83 34 81 34 81 34 83 37 81 37 81 37 83 34 81 34 81 34 83 37 81 37 81 37 83 37 81 37 81 3C 83 3C 81 3C 81 3C 81 3C 81 3C 81 3C 81 3C 83 3C 81 3C 81 3C 81 3C 81 3C 81 3C 81 34 83 34 81 34 81 34 83 34 81 34 81 34 83 34 81 34 81 34 83 34 81 34 81 37 81 37 81 3B 81 3E 81 41 43 43 81 3E 3C 3B 81 35 81 35 81 39 81 3C 81 3E 40 40 81 3C 3B 39 81 30 30 30 81 30 30 30 81 30 30 30 81 30 30 30 81 30 82 2B 2B 61 2B 81 63 ",
   # Channel 1 - 2 - hex FE FE FE FE FE FE 8B at last notes
   "61 87 24 85 28 81 2B 83 2D 81 2B 81 24 85 28 81 2B 83 2D 81 2B 81 24 85 28 81 2B 83 2D 81 2B 81 24 85 28 81 2B 83 2D 81 2B 81 24 85 28 81 2B 83 2D 81 2B 81 24 85 28 81 2B 83 2D 81 2B 81 1F 83 23 83 26 83 28 81 26 81 1F 83 23 83 26 83 28 81 26 81 24 85 28 81 2B 83 2D 81 2B 81 24 85 28 81 2B 83 2D 81 2B 81 29 85 2D 81 30 83 32 81 30 81 29 85 2D 81 30 83 32 81 30 81 1F 83 23 83 26 83 28 81 26 81 1F 83 23 83 26 83 28 81 26 81 24 24 24 81 24 24 24 81 24 24 24 81 24 24 24 81 24 82 1F 1F 61 1F 81 61 83 1F 83 24 81 24 81 28 81 28 81 2B 81 2B 81 2D 81 2B 81 24 81 24 81 28 81 28 81 2B 81 2B 81 2D 81 2B 81 24 81 24 81 28 81 28 81 2B 81 2B 81 2D 81 2B 81 30 81 2F 81 2E 81 2D 81 2B 81 29 81 28 81 26 81 29 81 29 81 2D 81 2D 81 30 81 30 81 32 81 30 81 29 81 29 81 2D 81 2D 81 30 81 30 81 32 81 30 81 24 81 24 81 28 81 28 81 2B 81 2B 81 2D 81 2B 81 24 81 24 81 28 81 28 81 2B 81 2B 81 2D 81 2B 81 2B 81 2B 81 2F 81 2F 81 32 81 32 81 34 81 32 81 29 81 29 81 2D 81 2D 81 30 81 30 81 32 81 30 81 24 24 24 81 24 24 24 81 24 24 24 81 24 24 24 81 24 82 1F 1F 61 1F 81 61 ",

   # Channel 2 - 3 - hex FE FE FE FE FE FE 8C at last notes 
   "61 BF 61 BF 61 BF 61 BF 37 83 37 81 37 81 37 83 3B 81 3B 81 3B 83 37 81 37 81 37 83 3B 81 3B 81 3B 83 37 81 37 81 37 83 3B 81 3B 81 3B 83 37 81 37 81 37 83 3B 81 3B 81 3B 83 3B 81 3B 81 61 9F 37 83 37 81 37 81 37 83 37 81 37 81 37 83 37 81 37 81 37 83 37 81 37 81 61 ",
   # Channel 3 - 4 - hex FE FE FE FE FE FE FE FE 90 does not contains notes
   "",
    
   # Channel 4 - 5 - hex FE FE FE FE FE FE FE FE 90 does not contains notes
   "",

   # Channel 5 - 6 - hex FE FE FE FE FE FE FE FE 90 does not contains notes
   "",

   # Channel 6 (Drums) -7 - 5 - hex FE FE FE FE FE FE 8F at last of the notes
   "20 87 11 81 01 81 09 81 11 81 11 81 11 81 09 81 11 81 11 81 01 81 09 81 11 81 11 81 11 81 09 81 11 81 11 81 01 81 09 81 11 81 11 81 11 81 09 81 11 81 11 81 01 81 09 81 11 81 11 81 11 81 09 81 11 81 11 81 01 81 09 81 11 81 11 81 11 81 09 81 11 81 11 81 01 81 09 81 11 81 11 81 11 81 09 81 11 81 11 81 01 81 09 81 11 81 11 81 11 81 09 81 11 81 11 81 01 81 09 81 11 81 11 81 11 81 09 81 11 81 11 81 01 81 09 81 11 81 11 81 11 81 09 81 11 81 11 81 01 81 09 81 11 81 11 81 11 81 09 81 11 81 11 81 01 81 09 81 11 81 11 81 11 81 09 81 11 81 11 81 01 81 09 81 11 81 11 81 11 81 09 81 11 81 11 81 01 81 09 81 11 81 11 81 11 81 09 81 11 81 11 81 01 81 09 81 11 81 11 81 11 81 09 81 11 81 11 81 01 01 11 81 01 01 11 81 01 01 11 81 01 01 01 81 01 01 01 81 01 01 01 81 01 01 01 81 01 01 11 81 01 81 09 81 11 81 11 81 11 81 09 81 11 81 11 81 01 81 09 81 11 81 11 81 11 81 09 81 11 81 11 81 01 81 09 81 11 81 11 81 11 81 09 81 11 81 11 81 01 81 09 81 11 81 11 81 11 81 09 81 11 81 11 81 01 81 09 81 11 81 11 81 11 81 09 81 11 81 11 81 01 81 09 81 11 81 11 81 11 81 09 81 11 81 11 81 01 81 09 81 11 81 11 81 11 81 09 81 11 81 11 81 01 81 09 81 11 81 11 81 11 81 09 81 11 81 11 81 01 81 09 81 11 81 11 81 11 81 09 81 11 81 11 81 01 81 09 81 11 81 11 81 11 81 09 81 11 81 01 81 01 01 01 81 01 01 01 81 01 01 01 81 01 01 01 81 01 01 01 81 01 01 ",
