   # Channel 0 - 1 - hex FE FE FE FE FE FE 8A at last notes
   "2B 81 2D 81 2F 81 30 83 34 83 35 83 34 83 30 81 2F 81 2D 81 30 81 30 81 2B 81 2D 81 2F 81 30 83 34 83 35 83 34 83 30 81 2F 81 2D 81 30 81 30 81 30 81 32 81 34 81 35 83 39 83 3A 83 39 83 35 81 34 81 32 81 34 81 35 81 2B 81 2D 81 2F 81 30 83 34 81 35 81 35 83 34 83 30 81 2F 81 2D 81 30 81 30 81 28 81 29 81 2A 81 2B 83 2E 81 30 81 32 83 34 81 32 81 29 83 2D 81 2E 81 30 83 32 81 2D 81 30 83 34 83 35 83 34 83 30 81 2F 81 2D 81 30 81 61 85 37 81 3B 81 3C 81 3C 81 37 81 3E 81 40 81 3E 81 40 81 3E 81 40 81 3C 81 37 81 35 37 33 81 35 81 34 81 39 83 3E 81 39 81 3C 81 3E 81 3E 81 39 81 40 41 3E 81 39 81 37 39 37 81 35 81 32 83 3E 81 40 81 40 81 3E 40 40 81 40 81 3E 40 40 81 3B 83 39 81 3B 81 3B 39 37 81 34 81 61 81 3E 81 61 81 61 8B 61 8F 34 82 34 34 81 34 81 37 39 3B 81 3D 81 3B 81 37 81 39 81 34 81 2F 81 2D 81 2B 2D 28 83 32 82 32 39 3B 39 81 34 81 35 81 32 81 2D 81 32 81 2D 81 2B 81 28 29 26 83 61 83 3C 82 3C 3B 3C 3C 81 3C 3C 37 81 35 81 37 81 37 34 30 81 37 81 32 34 30 83 61 83 35 36 39 35 37 39 35 37 39 35 37 39 35 37 39 81 39 3B 3E 39 3B 3E 39 3B 3E 39 3B 3E 39 3B 3E 81 3C 82 3C 3B 3C 3C 81 3C 3C 40 81 41 43 43 43 41 43 43 43 41 43 43 43 43 41 40 81 41 81 40 81 3C 83 3C 83 3C 83 3C 83 35 37 37 81 35 33 30 81 34 81 30 81 34 81 35 81 37 37 35 33 35 37 37 35 34 81 35 37 37 35 34 81 35 37 81 3A 3A 81 35 37 3B 81 37 35 33 81 3A 3C 3C 81 3C 81 3F 81 41 43 43 43 41 43 43 43 41 3F 3C 81 40 81 41 81 40 81 3C 81 40 81 40 81 46 83 47 81 47 81 43 83 41 43 41 3F 41 43 41 81 40 3C 37 81 35 37 35 81 34 81 30 81 35 37 81 3A 3B 81 35 37 3B 81 37 33 30 81 34 81 35 37 81 3A 3B 81 35 37 3B 81 37 33 30 81 2F 81 63 ",
   # Channel 1 - 2 - hex FE FE FE FE FE FE 8B at last notes
   "61 9F 1F 81 21 81 23 81 24 83 24 81 24 81 1F 83 21 81 23 81 24 83 24 81 24 81 1F 83 26 81 28 81 29 83 29 81 29 81 24 83 26 81 28 81 29 81 24 81 29 81 24 81 24 81 1F 81 21 81 23 81 24 83 24 81 24 81 1F 83 21 81 23 81 24 83 24 81 24 81 1F 83 28 81 29 81 2B 83 2B 81 2B 81 26 83 2B 81 2A 81 29 83 29 81 29 81 24 83 2D 81 2F 81 24 83 24 81 24 81 1F 83 21 81 23 81 24 83 24 81 24 81 1F 83 21 81 23 81 24 83 24 81 24 81 1F 83 21 81 23 81 24 83 24 81 24 81 1F 83 24 81 25 81 26 83 26 81 26 81 21 83 24 81 25 81 26 83 26 81 26 81 61 81 21 81 26 81 27 81 28 87 28 81 23 81 26 81 27 81 28 83 28 81 23 81 61 81 23 81 28 81 28 81 26 81 61 81 61 8B 61 8F 28 83 28 81 28 81 23 83 26 81 26 81 28 83 28 81 28 81 23 83 28 81 28 81 26 83 26 81 26 81 21 83 24 81 24 81 26 83 26 81 26 81 21 83 26 81 26 81 24 83 24 81 24 81 1F 83 21 81 23 81 24 83 24 81 24 81 1F 83 24 81 24 81 26 83 26 81 26 81 26 81 26 81 29 81 2B 81 2D 81 2D 81 2B 81 2B 81 29 81 29 81 26 81 26 81 24 83 24 81 24 81 1F 83 21 81 23 81 24 83 24 81 24 81 1F 83 21 81 23 81 24 83 24 81 24 81 1F 83 21 81 23 81 24 83 24 81 24 81 1F 83 26 81 28 81 29 83 29 81 29 81 24 83 26 81 28 81 29 83 29 81 29 81 24 83 21 81 23 81 24 83 24 81 24 81 1F 83 21 81 23 81 24 83 24 81 24 81 1F 83 28 81 29 81 2B 83 2B 81 2B 81 26 81 26 81 2B 81 2B 81 29 83 29 81 29 81 24 81 24 81 2D 81 2F 81 24 83 24 81 24 81 1F 83 21 81 23 81 24 83 24 81 24 81 1F 83 21 81 23 81 61 ",

   # Channel 2 - 3 - hex FE FE FE FE FE FE FE FE 90 does not contains notes 
   "",
   # Channel 3 - 4 - hex FE FE FE FE FE FE FE FE 90 does not contains notes 
   "",
    
   # Channel 4 - 5 - hex FE FE FE FE FE FE FE FE 90 does not contains notes 
   "",

   # Channel 5 - 6 - hex FE FE FE FE FE FE FE FE 90 does not contains notes 
   "",

   # Channel 6 (Drums) -7 - 5 - hex FE FE FE FE FE FE 8F at last notes
   "20 85 10 83 10 83 10 83 10 83 10 83 10 83 10 83 10 83 10 83 18 83 10 83 18 83 10 83 18 83 10 83 18 83 10 83 18 83 10 83 18 83 10 83 18 83 10 83 18 83 11 81 01 81 11 81 09 81 11 81 01 81 19 81 01 81 11 81 01 81 11 81 09 81 11 81 01 81 19 81 01 81 11 81 01 81 11 81 09 81 11 81 01 81 19 81 01 81 11 81 01 81 11 81 09 81 11 81 01 81 19 81 01 81 11 81 01 81 11 81 09 81 11 81 01 81 19 81 01 81 11 81 01 81 11 81 09 81 11 81 01 81 19 81 01 81 11 81 01 81 11 81 09 81 11 81 01 81 19 81 01 81 11 81 01 81 11 81 09 81 11 81 01 81 19 81 01 81 11 81 01 81 11 81 09 81 11 81 01 81 19 81 01 81 11 81 01 81 11 81 09 81 11 81 01 81 19 81 01 81 11 81 01 81 11 81 09 81 11 81 01 81 19 81 01 81 11 81 01 81 11 81 09 81 11 81 01 81 19 81 01 81 11 81 01 81 11 81 09 81 11 81 01 81 19 81 01 81 11 81 01 81 11 81 09 81 18 08 08 18 18 08 08 18 11 81 01 81 19 81 09 81 11 81 01 81 19 81 01 81 11 81 01 81 19 81 09 81 11 81 01 81 19 81 01 81 11 81 01 81 19 81 09 81 11 81 01 81 19 81 01 81 11 81 01 81 19 81 09 81 11 81 01 81 19 81 01 81 11 81 01 81 19 81 09 81 11 81 01 81 19 81 01 81 11 81 01 81 19 81 09 81 11 81 01 81 19 81 01 81 11 81 01 81 19 81 09 81 11 81 01 81 19 81 01 81 11 81 01 81 19 81 09 81 11 81 01 81 19 81 01 81 11 81 01 81 19 81 09 81 11 81 01 81 19 81 01 81 11 81 01 81 19 81 09 81 11 81 01 81 19 81 01 81 11 81 01 81 19 81 09 81 11 81 01 81 19 81 01 81 11 81 01 81 19 81 09 81 11 81 01 81 19 81 01 81 11 81 01 81 19 81 09 81 11 81 01 81 19 81 01 81 11 81 01 81 19 81 09 81 11 81 01 81 19 81 01 81 11 81 01 81 19 81 09 81 11 81 01 81 19 81 01 81 11 81 01 81 19 81 09 81 11 81 01 81 19 81 01 81 11 81 01 81 19 81 09 81 11 81 01 81 19 81 01 81 11 81 01 81 19 81 09 81 11 81 01 81 19 81 01 81 11 81 01 81 19 81 09 81 11 81 01 81 19 81 01 81 11 81 01 81 19 81 09 81 11 81 01 81 19 81 01 81 ",
