   # Channel 0 - 1 - hex FE FE FE FE FE FE 8A at last notes
   "61 83 61 8F 61 EF 34 85 32 81 34 83 30 81 32 81 34 81 32 81 34 81 37 39 37 85 34 81 39 85 37 81 39 85 37 34 32 81 34 81 37 81 34 81 32 85 2B 81 34 85 32 81 34 85 34 81 39 81 37 81 39 81 3C 81 39 85 37 34 32 85 32 34 39 81 37 81 34 81 37 81 37 85 37 39 3C 37 39 37 37 81 2B 81 34 85 32 81 34 83 30 81 32 81 34 81 32 81 34 81 37 39 37 85 34 81 39 85 37 81 39 85 37 34 32 81 34 81 37 81 34 81 32 85 2B 81 2D 81 30 83 39 81 39 85 2B 81 2D 81 39 83 37 81 37 85 37 81 39 81 37 39 39 81 37 37 39 81 37 81 39 81 3C 81 3E 8B 3C 81 3E 40 40 83 3C 81 3E 40 40 83 3E 81 3C 81 3E 81 3E 81 3E 81 40 37 37 83 37 81 39 3C 3C 83 37 81 39 3C 3C 83 3C 81 3E 81 40 81 37 81 39 81 3C 3E 3E 83 3C 81 3E 40 40 83 3C 81 3E 40 40 83 3E 81 3C 81 3C 81 3E 81 40 81 3E 40 40 85 3E 3C 3E 85 3E 3C 39 81 37 81 39 81 3C 81 3C 8B 3C 81 3E 40 40 83 3C 81 3E 40 40 83 3E 81 3C 81 3E 81 3E 81 3E 81 40 37 37 83 37 81 39 3C 3C 83 37 81 39 3C 3C 83 3C 81 3E 81 40 81 37 81 39 81 3C 3E 3E 83 3C 81 3E 40 40 83 3C 81 3E 40 40 83 3E 81 3C 81 3C 81 3E 81 40 81 3E 40 40 85 3E 3C 3E 85 3E 3C 39 81 37 81 39 81 3C 81 3C 87 61 83 3C 81 3E 40 40 83 3C 81 3E 40 40 83 3E 81 3C 81 3E 81 3E 81 3E 81 40 37 37 83 37 81 39 3C 3C 83 37 81 39 3C 3C 83 3C 81 3E 81 40 81 37 81 39 81 3C 3E 3E 83 3C 81 3E 40 40 83 3C 81 3E 40 40 83 3E 81 3C 81 3C 81 3E 81 40 81 3E 40 40 85 3E 3C 3E 85 3E 3C 39 81 37 81 39 81 3C 81 3C 8F 39 81 37 37 37 83 37 82 34 34 32 32 30 32 81 34 30 30 87 30 32 34 81 3B 85 3B 39 39 83 61 37 39 3B 3C 82 3E 40 43 45 40 3E 82 3E 40 43 81 45 45 40 43 81 43 81 40 81 40 85 3E 40 43 45 81 40 40 3C 3E 39 3C 81 3E 81 61 37 39 40 3E 83 3E 40 39 3C 3C 87 3C 85 40 85 3E 83 3E 81 3C 81 3C 83 3C 87 61 63 ",
   
   # Channel 1 - 2 - hex FE FE FE FE FE FE 8B at last notes
   "61 83 24 83 24 82 23 23 83 61 81 1F 81 2D 87 2B 81 2B 81 2B 83 28 83 28 82 29 61 85 24 81 2D 87 2B 2B 61 81 2B 82 2B 24 83 24 82 23 23 83 61 81 1F 81 2D 87 2B 81 2B 81 2B 83 29 82 29 29 24 29 81 29 81 29 83 2B 81 2B 8F 24 8B 24 81 24 81 28 8B 28 81 28 81 2D 8B 2D 81 28 81 26 87 1F 85 1F 81 21 87 2D 85 2D 81 28 87 28 85 28 81 29 87 26 85 26 81 2B 83 2B 82 2B 2B 2B 81 2B 2B 81 2B 81 24 8B 24 81 24 81 28 8B 28 81 28 81 2D 8B 2D 81 28 81 26 87 1F 85 1F 81 21 87 2D 85 2D 81 28 87 28 85 28 81 29 87 26 85 26 81 2B 83 2B 82 2B 2B 2B 81 2B 2B 81 2B 81 24 81 24 81 24 83 2F 81 2F 81 2F 81 2F 81 2D 82 28 2D 82 2D 2B 81 2B 83 2B 81 29 81 29 81 29 83 28 81 28 81 28 81 28 81 26 83 26 82 26 2B 81 2B 81 2B 26 2B 2D 24 81 24 81 24 82 24 2F 81 2F 81 2F 81 2F 81 2D 83 2D 82 2D 2B 81 2B 81 2B 81 26 2B 29 81 29 81 29 82 29 29 81 29 81 29 83 24 83 24 82 2B 24 24 81 2B 2B 2B 24 2B 24 81 24 81 24 83 2F 81 2F 81 2F 81 2F 81 2D 82 28 2D 82 2D 2B 81 2B 83 2B 81 29 81 29 81 29 83 28 81 28 81 28 81 28 81 26 83 26 82 26 2B 81 2B 81 2B 26 2B 2D 24 81 24 81 24 82 24 2F 81 2F 81 2F 81 2F 81 2D 83 2D 82 2D 2B 81 2B 81 2B 81 26 2B 29 81 29 81 29 82 29 29 81 29 81 29 83 24 81 61 81 2C 8B 24 81 24 81 24 83 2F 81 2F 81 2F 81 2F 81 2D 82 28 2D 82 2D 2B 81 2B 83 2B 81 29 81 29 81 29 83 28 81 28 81 28 81 28 81 26 83 26 82 26 2B 81 2B 81 2B 26 2B 2D 24 81 24 81 24 82 24 2F 81 2F 81 2F 81 2F 81 2D 83 2D 82 2D 2B 81 2B 81 2B 81 26 2B 29 81 29 81 29 82 29 29 81 29 81 29 83 29 82 28 82 26 81 24 87 24 83 24 82 23 23 83 61 81 1F 81 2D 87 2B 81 2B 81 2B 83 28 83 28 82 29 61 85 24 81 2D 87 2B 2B 61 81 2B 82 2B 24 83 24 82 23 23 83 61 81 1F 81 2D 87 2B 81 2B 81 2B 83 28 83 28 82 29 29 83 61 81 24 81 2D 85 28 85 2B 83 2B 81 29 81 29 83 2B 87 61 ",

   # Channel 2 - 3 - hex FE FE FE FE FE FE 8C at last notes
   "61 83 3C 3C 37 3C 61 81 3C 3B 3B 87 39 87 61 81 3C 3E 40 81 43 81 61 9F 43 8F 43 87 48 87 45 87 61 81 45 83 47 81 47 8B 61 BF 34 81 32 81 34 8F 61 AF 34 8F 61 87 61 81 39 3B 37 32 34 81 39 8F 61 8F 61 87 40 82 3E 82 3C 81 3B 87 3E 82 3C 82 3B 81 3C 8F 61 87 35 37 39 3B 3C 3E 40 41 43 81 43 81 61 83 43 81 43 81 61 8B 61 81 3E 40 3E 3E 40 3E 43 81 43 81 61 83 43 81 43 81 61 83 61 8F 43 81 43 81 61 83 43 81 43 81 61 8B 61 81 40 3E 40 81 3E 3C 3E 87 61 8F 35 37 39 3B 3C 3E 40 41 43 81 43 81 61 83 43 81 43 81 61 8B 61 81 3E 40 3E 3E 40 3E 43 81 43 81 61 83 43 81 43 81 61 83 61 8F 43 81 43 81 61 83 43 81 43 81 61 8B 61 81 40 3E 40 81 3E 3C 3E 87 61 8F 35 37 39 3B 3C 3E 40 41 43 81 43 81 61 83 43 81 43 81 61 8B 61 81 3E 40 3E 3E 40 3E 43 81 43 81 61 83 43 81 43 81 61 83 61 8F 43 81 43 81 61 83 43 81 43 81 61 8B 61 81 40 3E 40 81 3E 3C 3E 87 61 8F 61 83 34 32 30 34 61 ",
   
   # Channel 3 - 4 - hex FE FE FE FE FE FE 8D at last notes
   "40 3E 3C 81 45 81 45 43 43 83 43 81 61 40 40 3E 3E 3C 3E 81 40 3C 3C 83 61 83 3C 3E 40 81 3B 85 3B 39 39 83 61 37 39 3B 3C 82 3E 40 43 45 40 3E 83 40 3E 81 3C 3E 81 40 3C 3C 3E 81 3B 3B 3B 37 81 34 37 3E 81 3E 3C 3E 40 43 45 81 43 45 40 61 83 40 43 45 82 43 43 43 41 81 41 81 40 83 3E 81 3E 8B 3E 81 61 81 61 ",
    
   # Channel 4 - 5 hex 61 FE FE FE FE FE FE FE FE 90 does not contains notes
   "",

   # Channel 5 - 6 hex 61 FE FE FE FE FE FE FE FE 90 does not contains notes
   "",

   # Channel 6 (Drums) -7 - 5 - hex FE FE FE FE FE FE 8F at last notes
   "10 83 11 81 01 81 09 81 11 81 01 01 01 81 09 81 11 81 11 81 01 81 09 81 01 81 11 81 11 81 09 81 01 81 11 81 01 81 09 81 11 81 01 01 01 81 09 81 11 81 11 81 01 81 09 81 01 81 11 81 11 81 09 81 01 81 11 81 01 81 09 81 11 81 01 01 01 81 09 81 11 81 11 81 01 81 09 81 01 81 11 81 11 81 09 81 01 81 08 82 08 08 08 08 81 20 81 01 83 01 81 03 8F 20 83 01 83 20 83 01 83 20 83 01 83 20 81 08 08 20 83 20 83 01 83 20 83 01 83 20 83 01 83 20 81 08 08 20 83 20 83 01 83 20 83 01 83 20 83 01 83 20 81 08 08 20 83 20 83 01 83 20 83 01 83 20 83 01 83 20 81 08 08 20 83 11 83 01 83 09 83 01 81 11 81 11 83 01 83 01 81 01 81 20 83 11 83 01 83 09 83 01 81 11 81 11 83 01 83 01 81 01 81 20 83 11 83 09 83 11 83 09 81 11 81 11 83 09 83 11 83 09 81 11 81 11 83 09 83 11 83 09 81 11 81 11 83 09 83 19 11 19 11 19 15 19 19 11 01 11 01 09 01 01 01 11 01 11 01 09 01 01 01 11 01 01 01 09 01 01 11 11 01 11 01 09 01 01 01 11 01 11 01 09 01 01 01 11 01 11 01 09 01 01 01 11 01 01 01 09 01 01 11 11 01 11 01 09 01 01 01 11 01 11 01 09 01 01 01 11 01 11 01 09 01 01 01 11 01 01 01 09 01 01 11 11 01 11 01 09 01 01 01 20 87 08 81 01 81 01 83 20 87 19 11 19 11 19 15 19 19 11 01 11 01 09 01 01 01 11 01 11 01 09 01 01 01 11 01 01 01 09 01 01 11 11 01 11 01 09 01 01 01 11 01 11 01 09 01 01 01 11 01 11 01 09 01 01 01 11 01 01 01 09 01 01 11 11 01 11 01 09 01 01 01 11 01 11 01 09 01 01 01 11 01 11 01 09 01 01 01 11 01 01 01 09 01 01 11 11 01 11 01 09 01 01 01 20 87 08 81 01 81 01 83 08 81 20 81 03 8B 11 01 11 01 09 01 01 01 11 01 11 01 09 01 01 01 11 01 01 01 09 01 01 11 11 01 11 01 09 01 01 01 11 01 11 01 09 01 01 01 11 01 11 01 09 01 01 01 11 01 01 01 09 01 01 11 11 01 11 01 09 01 01 01 11 01 11 01 09 01 01 01 11 01 11 01 09 01 01 01 11 01 01 01 09 01 01 11 11 01 11 01 09 01 01 01 20 87 08 81 01 81 01 83 08 82 08 82 08 81 03 83 19 11 19 19 11 01 11 01 09 01 01 01 11 01 11 01 09 01 01 01 11 01 01 01 09 01 01 11 11 01 11 01 09 01 01 01 11 01 11 01 09 01 01 01 11 01 11 01 09 01 01 01 11 01 01 01 09 01 01 11 11 01 11 01 09 01 01 01 11 01 11 01 09 01 01 01 11 01 11 01 09 01 01 01 11 01 01 01 09 01 01 11 11 01 11 01 09 01 01 01 20 87 08 81 01 81 01 83 08 85 08 85 08 83 08 81 08 81 08 83 03 87 ",
