   # Channel 0 - 1  hex FE FE FE FE FE FE 8A at last notes
   "61 EF 61 8B 37 81 37 81 34 85 32 81 30 81 30 34 32 81 30 81 2D 8B 2D 81 28 81 30 81 2D 83 2D 81 37 81 34 81 32 81 30 32 34 8F 32 85 30 81 32 83 34 81 37 81 34 81 32 30 2D 81 2D 81 2D 85 28 81 2B 85 2D 81 32 83 34 32 30 81 2D 8F 39 39 81 39 34 81 37 81 39 39 81 39 39 81 37 81 34 82 32 32 81 30 81 2D 87 32 85 30 2D 2D 81 30 81 37 34 81 32 34 8F 28 85 30 81 2D 30 2D 2B 2D 83 2D 82 34 32 34 32 30 32 85 34 37 39 8B 37 81 34 32 34 8B 32 34 32 81 30 30 81 30 32 81 34 81 32 82 30 2D 30 2D 2B 39 8F 39 39 81 39 34 81 37 81 39 39 81 39 39 81 37 81 34 82 32 32 81 30 81 2D 87 32 85 30 2D 2D 81 30 81 37 34 81 32 34 8F 28 85 30 81 2D 30 2D 2B 2D 83 2D 82 34 32 34 32 30 32 85 34 37 39 8B 37 81 34 32 34 8B 32 34 32 81 30 30 81 30 32 81 34 81 32 82 30 2D 30 2D 2B 39 8F 39 39 39 39 39 81 37 81 39 39 39 39 39 81 37 81 34 34 81 34 32 81 30 81 2D 87 34 34 81 37 34 81 32 81 34 34 81 37 34 81 32 81 34 34 34 34 39 81 37 81 39 87 39 81 40 81 3E 81 3C 81 3E 81 3C 81 39 81 37 81 39 8F 61 62 ",
   
   # Channel 1 - 2 - hex FE FE FE FE FE FE 8B at last notes
   "21 83 1C 83 21 83 1C 83 21 83 1C 83 21 82 1F 21 81 21 81 21 83 1C 83 21 83 1C 83 21 83 1C 83 21 82 1F 1C 81 21 81 26 83 21 83 26 83 1C 81 1F 81 21 83 1C 83 21 82 21 21 81 1C 81 21 87 1A 83 1F 83 21 83 21 81 1F 81 21 81 61 85 21 83 1C 83 21 83 1C 81 1F 81 21 83 1C 83 21 83 21 81 1C 81 21 83 1C 83 21 82 1F 1C 81 1F 81 21 83 1C 83 21 83 1C 81 1F 21 26 83 21 83 26 82 26 1C 81 1F 81 21 83 1C 83 21 82 21 1C 81 21 81 1F 83 1A 83 1F 82 1A 1A 1C 1F 81 21 83 1C 83 21 21 81 21 1C 81 1F 21 21 82 21 1C 81 1F 81 21 21 81 21 21 81 1F 81 21 83 1C 83 21 82 21 1C 81 21 81 26 83 21 83 26 82 26 2D 81 26 81 21 83 1C 83 21 82 1F 1C 81 21 81 21 83 1C 83 21 83 1C 81 1F 81 21 83 1C 83 1A 83 1C 81 1F 81 21 8F 21 8F 21 83 1A 83 1F 83 1F 81 1F 81 21 83 1C 83 21 82 1F 1C 81 1F 81 21 82 21 1C 81 1F 81 21 21 81 21 21 81 1F 81 21 83 1C 83 21 82 21 1C 81 21 81 26 83 21 83 26 82 26 2D 81 26 81 21 83 1C 83 21 82 1F 1C 81 21 81 21 83 1C 83 21 83 1C 81 1F 81 21 83 1C 83 1A 83 1C 81 1F 81 21 8F 21 8F 21 83 1A 83 1F 83 1F 81 1F 81 21 83 1C 83 21 82 21 1C 81 1F 81 21 83 1C 83 21 83 1C 81 1F 81 21 83 1C 83 21 83 1C 81 24 81 21 83 1C 83 21 82 21 1C 81 1F 81 21 83 1C 83 21 83 21 81 1C 81 21 87 26 83 1F 83 21 8F 61 ",

   # Channel 2 - 3 - hex FE FE FE FE FE FE 8C at last notes
   "39 39 39 39 39 81 37 81 39 39 39 39 39 81 37 81 34 34 81 34 32 81 30 81 2D 87 34 34 81 37 34 81 32 81 34 34 81 37 34 81 32 81 34 34 34 34 39 81 37 81 39 87 3E 82 3C 3E 3C 3E 3C 3E 81 43 81 40 81 61 81 45 82 43 45 43 45 43 45 81 48 81 45 81 61 81 2D 81 34 81 32 81 30 81 32 81 30 81 2D 81 2B 81 2D 87 2D 81 61 81 61 87 61 ",
   
   # Channel 3 - 4 - hex FE FE FE FE FE FE 8D at last notes 
   "61 8F 61 87 39 37 34 37 3C 81 39 81 61 8F 34 87 39 81 37 81 39 83 61 87 61 81 37 81 61 81 43 43 61 87 61 81 3C 81 39 81 61 81 61 8F 34 37 39 37 39 81 37 81 39 81 61 81 61 8F 61 87 40 81 3C 81 39 87 61 8F 61 81 40 81 3E 81 43 81 40 87 32 8B 34 81 37 81 34 83 30 81 30 81 30 87 61 8F 39 37 34 37 39 81 3C 3E 40 3E 3C 3E 40 81 40 43 45 8F 45 87 61 85 39 3C 3E 85 3C 81 39 81 3C 81 40 81 3E 81 40 87 61 83 40 3E 3C 3E 40 8B 3C 81 37 81 39 87 61 81 40 3E 3C 3E 40 43 45 83 34 81 37 81 39 87 61 83 39 81 34 32 34 87 30 82 30 32 81 34 81 32 81 30 30 2D 81 2B 81 39 37 34 37 39 81 3C 3E 40 3E 3C 3E 40 81 40 43 45 8F 45 87 61 85 39 3C 3E 85 3C 81 39 81 3C 81 40 81 3E 81 40 87 61 83 40 3E 3C 3E 40 8B 3C 81 37 81 39 87 61 81 40 3E 3C 3E 40 43 45 83 34 81 37 81 39 87 61 83 39 81 34 32 34 87 30 82 30 32 81 34 81 32 81 30 30 2D 81 2B 81 39 37 34 37 34 81 37 81 39 87 61 8F 61 87 39 37 34 37 3C 81 39 81 61 8F 61 87 39 37 34 37 3C 81 39 81 61 ",
    
   # Channel 4 - 5 - hex 61 FE FE FE FE FE FE FE FE 90 does not contains notes
   "",

   # Channel 5 - 6 - hex 61 FE FE FE FE FE FE FE FE 90 does not contains notes
   "",

   # Channel 6 (Drums) -7 - 5 - Drum data incomplete, missing fragment
   "11 81 01 81 19 81 01 81 11 81 01 81 19 81 01 81 11 81 01 81 19 81 01 81 11 81 01 81 08 81 08 81 11 81 01 81 19 81 01 81 11 81 01 81 19 81 01 81 11 81 01 81 19 81 01 81 11 81 11 81 09 81 11 81 11 81 01 81 19 81 01 81 11 81 01 81 19 81 01 81 11 81 01 81 19 81 01 81 11 81 01 81 19 81 01 81 03 87 11 83 11 83 11 81 01 81 08 81 08 81 08 81 20 85 11 81 01 81 19 81 01 81 11 81 01 81 19 81 01 81 11 81 01 81 19 81 01 81 11 81 01 81 19 81 01 81 11 81 01 81 19 81 01 81 11 81 01 81 19 81 01 81 11 81 01 81 19 81 01 81 11 81 01 81 19 81 01 81 11 81 01 81 19 81 01 81 11 81 01 81 19 81 01 81 11 81 01 81 19 81 01 81 11 81 01 81 19 81 01 81 11 81 01 81 19 81 01 81 11 81 01 81 19 81 01 81 11 81 01 81 19 81 01 81 19 11 19 11 19 15 19 19 11 82 11 09 81 11 81 11 11 81 11 09 81 11 81 11 81 01 81 19 81 01 81 11 82 11 09 81 11 81 11 81 01 81 19 81 01 81 11 82 11 09 81 11 81 11 81 01 81 19 81 01 81 19 11 19 19 19 15 19 19 11 81 01 81 19 81 01 81 11 82 11 09 81 11 81 11 81 01 81 19 81 01 81 11 82 11 09 81 11 81 03 8F 03 87 19 11 19 11 19 15 19 19 11 81 01 81 19 81 01 81 11 82 11 09 81 11 81 20 87 19 11 19 11 19 15 19 19 11 82 11 09 81 11 81 11 11 81 11 09 81 11 81 11 81 01 81 19 81 01 81 11 82 11 09 81 11 81 11 81 01 81 19 81 01 81 11 82 11 09 81 11 81 11 81 01 81 19 81 01 81 19 11 19 19 19 15 19 19 11 81 01 81 19 81 01 81 11 82 11 09 81 11 81 11 81 01 81 19 81 01 81 11 82 11 09",
