   # Channel 0 - 1 - hex FE FE FE FE FE FE 8A at last notes
   "61 BF 61 EF 61 8B 61 81 37 81 39 81 37 81 39 81 37 81 37 83 34 81 37 81 39 83 3B 81 37 81 37 83 61 83 30 81 30 81 30 81 32 81 34 81 30 81 30 83 32 81 32 81 34 81 32 81 32 83 61 83 2D 81 2D 81 2D 81 2D 35 35 83 61 83 34 81 34 81 37 81 39 83 30 81 30 83 61 81 34 81 30 81 2D 81 34 81 34 81 34 81 35 81 34 81 32 81 32 87 61 81 37 81 39 81 39 81 39 81 37 81 37 83 34 81 37 81 39 81 37 81 39 81 37 81 37 83 61 83 30 81 30 81 30 81 32 34 34 81 30 81 34 81 30 81 32 81 32 81 34 81 32 81 32 83 61 83 2D 81 2D 81 2D 81 2D 35 35 87 34 81 34 81 37 81 39 83 30 81 30 83 61 81 34 81 30 81 2D 81 34 81 34 81 34 81 35 81 34 81 30 81 32 81 30 81 30 87 39 81 39 81 39 81 3C 81 3B 81 37 81 37 83 34 81 34 81 37 81 34 81 34 87 39 81 39 81 39 81 39 81 37 81 37 83 35 81 34 81 34 81 37 81 34 81 34 83 61 83 35 81 35 81 35 81 35 81 35 81 35 37 37 81 35 81 34 81 34 81 37 81 30 81 30 87 35 81 35 81 35 81 35 81 35 81 35 81 35 83 39 81 37 81 39 81 37 81 37 83 61 81 37 81 3C 85 3E 81 40 81 37 81 37 83 34 81 37 81 39 81 37 81 37 83 61 83 3C 81 3C 81 3C 81 3C 81 3B 81 37 81 37 83 34 81 32 81 34 81 32 81 32 83 61 81 37 81 3C 85 3E 81 40 81 37 81 37 83 34 81 37 81 39 81 37 81 37 87 39 81 3C 81 3C 81 3C 81 3C 81 3C 81 3C 81 39 81 39 87 32 83 34 83 32 81 30 81 30 87 61 83 61 EF 3C 85 3E 81 40 81 37 81 37 83 34 81 37 81 39 81 37 81 37 83 61 83 3C 81 3C 81 3C 81 3C 81 3B 81 37 81 37 83 34 81 32 81 34 81 32 81 32 83 61 81 37 81 3C 85 3E 81 40 81 37 81 37 83 34 81 37 81 39 81 37 81 37 87 39 81 3C 81 3C 81 3C 81 3C 81 3C 81 3C 81 39 81 39 87 32 83 34 83 32 81 30 81 30 87 61 83 61 8B 61 81 37 81 3C 85 3E 81 40 81 37 81 37 83 34 81 37 81 39 81 37 81 37 83 61 83 3C 81 3C 81 3C 81 3C 81 3B 81 37 81 37 83 34 81 32 81 34 81 32 81 32 83 61 81 37 81 3C 85 3E 81 40 81 37 81 37 83 34 81 37 81 39 81 37 81 37 87 39 81 3C 81 3C 81 3C 81 3C 81 3C 81 3C 81 39 81 39 87 32 83 34 83 32 81 30 81 30 8B 61 8F 61 62 ",
   
   # Channel 1 - 2 - hex FE FE FE FE FE FE 8B at last notes
   "61 BF 21 81 21 81 61 81 21 81 21 87 1C 81 1C 81 61 81 1C 81 1C 87 1D 81 1D 81 61 81 1D 81 1D 87 1D 81 1D 81 61 81 1D 81 1D 1F 24 1D 26 81 1A 81 21 81 21 81 61 81 21 81 21 87 1C 81 1C 81 61 81 1C 81 1C 87 1D 81 1D 81 61 81 1D 81 1D 87 1D 81 1D 81 61 81 1D 81 1D 1F 18 1D 26 81 1A 81 24 81 24 81 61 81 24 81 24 83 1C 81 1F 81 1C 81 1C 81 61 81 1A 81 1C 85 1C 81 21 81 21 81 61 81 21 81 21 87 1A 85 1F 81 1F 81 1F 81 1A 81 1F 81 1D 81 1D 81 61 81 18 81 1D 87 1C 81 1C 81 61 81 21 81 21 87 1A 81 1A 81 61 81 1A 81 1A 87 1F 83 26 81 1F 81 1F 81 1F 81 23 81 1F 81 24 81 24 81 61 81 24 81 24 83 1C 81 1F 81 1C 81 1C 81 61 81 1A 81 1C 85 1C 81 21 81 21 81 61 81 21 81 21 87 1A 85 1F 81 1F 81 1F 81 1A 81 1F 81 1D 81 1D 81 61 81 18 81 1D 87 1C 81 1C 81 28 81 21 81 21 81 1F 83 1C 81 1A 81 1A 81 1A 83 1F 87 24 85 24 81 24 81 23 81 23 83 1D 82 1D 1D 81 1A 81 1F 83 1F 81 1A 81 24 82 24 1F 21 24 81 61 1F 24 1F 24 81 1F 81 1D 82 1D 1D 81 1A 81 1F 83 1F 83 24 82 24 1F 21 24 81 61 1F 24 1F 24 81 1F 81 1A 85 1A 81 1F 87 24 83 23 81 21 81 21 81 1C 81 21 83 1A 85 1A 81 1A 85 1A 81 1F 81 1F 81 21 81 1F 81 61 87 24 81 24 81 24 81 24 81 24 81 24 81 24 81 24 81 1C 81 1C 81 1C 81 1C 81 1C 81 1C 81 1C 81 1C 81 1D 81 1D 81 1D 81 1D 81 1C 81 1C 81 1C 81 1C 81 1A 81 1A 81 1A 81 1F 81 1F 82 1F 1F 21 1F 81 24 81 24 81 24 81 24 81 24 81 24 81 24 81 24 81 1C 81 1C 81 1C 81 1C 81 1C 81 1C 81 1C 81 1C 81 1D 81 1D 81 1D 81 1D 81 1D 81 1D 81 1D 81 1F 81 1F 81 1F 81 1F 81 1F 81 1F 81 1F 81 1F 81 1F 81 24 81 24 81 1F 81 24 81 24 81 1F 81 24 81 24 81 22 8D 1D 81 21 8D 1C 81 21 8B 21 81 1C 81 1A 81 1A 81 1A 81 1A 81 1C 81 1C 81 1C 81 1C 81 1D 81 1D 81 1D 81 1D 81 1E 81 1D 81 1D 81 1D 81 1F 82 1F 1F 81 1A 81 1F 82 1F 1F 81 1A 81 1F 85 1F 81 1F 81 1F 1A 1F 1A 1F 26 24 81 24 81 24 81 24 81 24 81 24 81 24 81 24 81 1C 81 1C 81 1C 81 1C 81 1C 81 1C 81 1C 81 1C 81 1D 81 1D 81 1D 81 1D 81 1C 81 1C 81 1C 81 1C 81 1A 81 1A 81 1A 81 1F 81 1F 82 1F 1F 21 1F 81 24 81 24 81 24 81 24 81 24 81 24 81 24 81 24 81 1C 81 1C 81 1C 81 1C 81 1C 81 1C 81 1C 81 1C 81 1D 81 1D 81 1D 81 1D 81 1D 81 1D 81 1D 81 1F 81 1F 81 1F 81 1F 81 1F 81 1F 81 1F 81 1F 81 1F 81 24 81 24 81 1F 81 24 81 24 81 1F 81 24 81 24 81 24 85 24 81 24 85 1F 81 24 81 24 81 24 81 24 81 24 81 24 81 24 81 24 81 1C 81 1C 81 1C 81 1C 81 1C 81 1C 81 1C 81 1C 81 1D 81 1D 81 1D 81 1D 81 1C 81 1C 81 1C 81 1C 81 1A 81 1A 81 1A 81 1F 81 1F 82 1F 1F 21 1F 81 24 81 24 81 24 81 24 81 24 81 24 81 24 81 24 81 1C 81 1C 81 1C 81 1C 81 1C 81 1C 81 1C 81 1C 81 1D 81 1D 81 1D 81 1D 81 1D 81 1D 81 1D 81 1F 81 1F 81 1F 81 1F 81 1F 81 1F 81 1F 81 1F 81 26 81 24 81 24 81 1F 81 24 81 24 81 1F 81 24 81 24 81 24 85 24 81 24 87 61 ",

   # Channel 2 - 3 - hex FE FE FE FE FE FE 8C at last notes
   "40 39 39 39 39 39 39 39 40 39 39 39 39 39 39 39 3E 37 37 37 37 37 37 37 3E 37 37 37 37 37 37 37 3C 3C 39 3C 3C 3C 3C 3C 3C 3C 39 3C 3C 3C 3C 3C 3C 3C 39 3C 3C 3C 3C 3C 3C 3C 39 3C 3C 3C 3C 3C 61 9F 61 8B 37 81 30 81 61 81 43 81 3C 87 61 AF 37 81 30 81 61 81 43 81 3C 87 61 EF 61 9F 61 83 39 81 3C 81 61 EF 61 EF 61 8B 40 8B 43 83 3E 8B 40 83 48 87 47 83 43 83 40 81 3E 81 3C 81 3E 81 3E 83 37 83 40 8B 43 83 3E 8B 40 83 3C 8F 3C 8B 3B 83 61 8F 61 EF 40 8B 43 83 3E 8B 40 83 48 87 47 83 43 83 40 81 3E 81 3C 81 3E 81 3E 83 37 83 40 8B 43 83 3E 8B 40 83 3C 8F 3C 8B 3B 83 37 82 37 37 81 39 81 39 83 3C 81 3B 81 3B 83 3B 81 39 81 39 87 61 9F 48 87 47 83 43 83 40 81 3E 81 3C 81 3E 81 3E 83 37 83 61 9F 48 8F 48 8B 47 83 37 82 37 37 81 39 81 39 83 3C 81 3B 81 3B 83 3B 81 39 81 39 87 61 ",
  
   # Channel 3 - 4 - hex FE FE FE FE FE FE 8D at  last notes
   "61 BF 45 82 43 82 40 81 40 85 45 81 43 82 3E 82 3B 81 3B 83 2F 81 30 2D 2D 8F 61 8F 45 82 43 82 40 81 40 85 45 81 43 82 3E 82 3B 81 3B 83 3C 81 3C 2D 3C 8F 61 EF 61 EF 61 EF 61 EF 61 DF 61 85 3B 3C 3E 82 41 82 43 81 40 8B 40 81 45 46 47 87 40 87 39 87 3B 82 3E 42 43 47 4A 48 87 4A 87 43 8B 48 83 4A 85 43 81 43 83 61 83 61",
    
   # Channel 4 - 5 - hex 61 FE FE FE FE FE FE FE FE 90", does not contain notes 
   "",

   # Channel 5 - 6 - hex 61 FE FE FE FE FE FE FE FE 90 does not contain notes 
   "",

   # Channel 6 (Drums) -7 - 5 -  FE FE FE FE FE FE 8F hex at last notes
   "11 81 01 01 09 81 11 81 11 83 09 83 11 81 01 01 09 81 11 81 11 83 09 83 11 81 01 01 09 81 11 81 11 83 09 83 11 81 01 01 09 81 11 81 11 83 09 83 11 81 01 01 09 81 11 81 11 83 09 83 11 81 01 01 09 81 11 81 11 83 09 83 11 81 01 01 09 81 11 81 11 83 09 83 11 81 01 01 09 81 11 81 11 83 09 83 11 81 01 01 09 81 11 81 11 83 09 83 11 81 01 01 09 81 11 81 11 83 09 83 11 81 01 01 09 81 11 81 11 83 09 83 11 81 01 01 09 81 11 81 19 11 19 11 19 15 19 19 11 81 01 01 09 81 11 81 11 83 09 83 11 81 01 01 09 81 11 81 11 83 09 83 11 81 01 01 09 81 11 81 11 83 09 83 11 81 01 01 09 81 11 81 11 83 09 83 11 81 01 01 09 81 11 81 11 83 09 83 11 81 01 01 09 81 11 81 11 83 09 83 11 81 01 01 09 81 11 81 11 83 09 83 01 85 01 81 19 11 19 11 19 19 19 19 11 81 01 01 09 81 11 81 11 83 09 83 11 81 01 01 09 81 11 81 11 83 09 83 11 81 01 01 09 81 11 81 11 83 09 83 11 81 01 01 09 81 11 81 11 83 09 83 11 81 01 01 09 81 11 81 11 83 09 83 11 81 01 01 09 81 11 81 11 83 09 83 11 81 01 01 09 81 11 81 11 83 09 83 01 85 09 81 01 81 09 81 08 81 08 81 11 81 11 81 09 81 11 81 01 81 11 81 09 81 01 81 11 81 11 81 09 81 11 81 01 81 11 81 09 81 01 81 11 81 11 81 09 81 11 81 01 81 11 81 09 81 01 81 11 81 11 81 09 81 11 81 19 11 19 11 19 15 19 19 11 81 01 01 01 81 11 81 11 83 09 83 11 81 01 01 09 81 11 81 01 81 11 81 09 83 11 81 01 01 09 81 11 81 11 83 09 83 08 81 08 81 08 81 08 81 19 11 19 11 19 15 19 19 11 81 11 81 09 81 11 81 11 81 11 81 09 81 11 81 11 81 11 81 09 81 11 81 19 11 19 11 19 19 19 19 11 81 11 81 09 81 11 81 11 81 11 81 09 81 11 81 11 81 11 81 09 81 11 81 11 81 11 81 09 81 11 81 11 81 11 81 09 81 11 81 11 81 11 81 09 81 11 81 11 81 11 81 09 81 11 81 11 81 11 81 09 81 11 81 11 81 11 81 09 81 11 81 11 81 11 81 20 81 01 81 11 81 11 81 09 81 11 81 11 81 11 81 09 81 11 81 01 82 01 82 01 81 01 81 01 81 01 81 01 81 01 82 01 82 01 81 01 81 01 81 01 81 01 81 01 82 01 82 01 81 01 81 01 81 01 81 01 81 01 82 01 82 01 81 01 81 01 81 01 81 01 81 11 81 01 81 09 81 11 81 11 81 11 81 09 81 11 81 11 81 01 81 09 81 11 81 11 81 11 81 09 81 11 81 11 81 01 81 09 81 11 81 11 81 11 81 09 81 11 81 01 85 01 81 1B 11 19 11 19 19 19 19 11 81 11 81 09 81 11 81 11 81 11 81 09 81 11 81 11 81 11 81 09 81 11 81 19 11 19 11 19 19 19 19 11 81 11 81 09 81 11 81 11 81 11 81 09 81 11 81 11 81 11 81 09 81 11 81 11 81 11 81 09 81 11 81 11 81 11 81 09 81 11 81 11 81 11 81 09 81 11 81 11 81 11 81 09 81 11 81 11 81 11 81 09 81 11 81 11 81 11 81 09 81 11 81 11 81 11 81 20 81 01 81 11 81 11 81 09 81 11 81 11 81 11 81 09 81 11 81 01 85 01 81 01 85 01 81 01 85 01 81 19 11 19 11 19 19 19 19 11 81 11 81 09 81 11 81 11 81 11 81 09 81 11 81 11 81 11 81 09 81 11 81 19 11 19 11 19 19 19 19 11 81 11 81 09 81 11 81 11 81 11 81 09 81 11 81 11 81 11 81 09 81 11 81 11 81 11 81 09 81 11 81 11 81 11 81 09 81 11 81 11 81 11 81 09 81 11 81 11 81 11 81 09 81 11 81 11 81 11 81 09 81 11 81 11 81 11 81 09 81 11 81 11 81 11 81 09 81 11 81 11 81 11 81 09 81 11 81 11 81 11 81 09 81 11 81 01 85 01 81 01 85 01 81 01 85 01 81 03 87 ",
