   # Channel 0 - 1 - hex FE FE FE FE FE FE 8A at last notes
   "2B 81 2D 81 2F 81 30 83 34 81 37 81 35 83 39 81 37 81 37 81 2B 81 2F 81 32 81 35 81 35 81 34 81 32 81 30 83 34 81 37 81 35 83 39 81 37 81 37 81 2B 81 2F 81 32 81 35 81 35 81 34 81 32 81 61 81 41 81 41 81 41 41 41 81 41 41 41 81 41 41 40 83 3C 8B 61 81 41 81 41 81 41 41 41 81 41 41 41 81 41 41 40 83 3C 83 3C 81 3B 81 3C 81 3E 81 3E 81 37 81 3B 81 3E 81 41 81 41 81 40 81 3E 81 40 81 3E 81 3C 83 3C 81 3B 81 3C 81 3E 81 3E 81 37 81 3B 81 3E 81 41 81 41 81 40 81 3E 81 40 81 3E 81 3C 83 3C 81 39 83 37 81 61 81 41 81 41 81 41 41 41 81 41 41 41 81 41 41 40 83 3C 8B 61 81 41 81 41 81 41 41 41 81 41 41 41 81 41 41 40 83 3C 83 3C 81 3B 81 3C 81 3E 81 3E 81 37 81 3B 81 3E 81 41 81 41 81 40 81 3E 81 40 81 3E 81 3C 83 3C 83 39 83 37 8F 48 87 45 87 47 83 43 8B 4C 87 48 87 4A 83 43 8B 4C 87 48 87 4A 83 43 8B 63 ",
   # Channel 1 - 2
   "29 81 2D 81 29 81 24 83 28 81 24 81 29 83 2D 81 29 81 2B 83 2F 81 2B 81 29 81 29 81 2D 81 29 81 24 83 28 81 24 81 29 83 2D 81 29 81 2B 83 2F 81 2B 81 29 81 29 81 2D 81 29 81 2B 83 2F 81 2B 81 29 81 29 81 2D 81 29 81 24 83 28 81 24 81 29 83 2D 81 29 81 2B 83 2F 81 2B 81 29 81 29 81 2D 81 29 81 24 83 28 81 24 81 29 83 2D 81 29 81 2B 83 2F 81 2B 81 29 81 29 81 2D 81 29 81 24 83 28 81 24 81 29 83 2D 81 29 81 2B 83 2F 81 2B 81 29 81 29 81 2D 81 29 81 24 83 28 81 24 81 29 83 2D 81 29 81 2B 83 2F 81 2B 81 29 81 29 81 2D 81 29 81 24 83 28 81 24 81 29 83 2D 81 29 81 2B 83 2F 81 2B 81 29 81 29 81 2D 81 29 81 24 83 28 81 24 81 29 83 2D 81 29 81 2B 83 2F 81 2B 81 29 81 29 81 2D 81 29 81 24 83 28 81 24 81 29 83 2D 81 29 81 2B 83 2F 81 2B 81 29 81 29 81 2D 81 29 81 24 83 28 81 24 81 29 83 2D 81 29 81 2B 83 2F 81 2B 81 29 81 29 81 2D 81 29 81 24 83 28 81 24 81 29 83 2D 81 29 81 2B 83 2F 81 2B 81 29 81 29 81 2D 81 29 81 24 83 28 81 24 81 29 83 2D 81 29 81 2B 83 2F 81 2B 81 29 81 29 81 2D 81 29 81 61 FE FE FE FE FE FE 8B",

   # Channel 2 - 3 - hex FE FE FE FE FE FE 8C at last notes
   "61 CF 61 CF 61 CF 61 BF 61 85 43 87 41 87 43 83 3E 8B 3C 87 45 87 47 83 3E 8B 3C 87 45 87 47 83 3E 8B 61 ",
   # Channel 3 - 4 - hex FE FE FE FE FE FE 8D at last notes
   "61 CF 61 CF 61 CF 61 BF 61 85 40 87 3C 87 3E 83 3B 8B 43 87 41 87 43 83 47 8B 43 87 41 87 43 83 41 8B 61 ",
    
   # Channel 4 - 5 - hex FE FE FE FE FE FE FE FE 90 does not contain notes 
   "",

   # Channel 5 - 6 - hex FE FE FE FE FE FE FE FE 90 does not contain notes
   "",

   # Channel 6 (Drums) -7 - 5 - hex FE FE FE FE FE FE 8F at last notes
   "02 81 02 81 02 81 02 81 02 81 02 81 02 81 02 81 02 81 02 81 02 81 02 81 02 81 02 81 02 81 02 81 02 81 02 81 02 81 02 81 02 81 02 81 02 81 02 81 02 81 02 81 02 81 02 81 02 81 02 81 02 81 02 81 02 81 02 81 02 81 02 81 02 81 02 81 02 81 02 81 02 81 02 81 02 81 02 81 02 81 02 81 02 81 02 81 02 81 02 81 02 81 02 81 02 81 02 81 02 81 02 81 02 81 02 81 02 81 02 81 02 81 02 81 02 81 02 81 02 81 02 81 02 81 02 81 02 81 02 81 02 81 02 81 02 81 02 81 02 81 02 81 02 81 02 81 02 81 02 81 02 81 02 81 02 81 02 81 02 81 02 81 02 81 02 81 02 81 02 81 02 81 02 81 02 81 02 81 02 81 02 81 02 81 02 81 02 81 02 81 02 81 02 81 02 81 02 81 02 81 02 81 02 81 02 81 02 81 02 81 02 81 02 81 02 81 02 81 02 81 02 81 02 81 02 81 02 81 02 81 02 81 02 81 02 81 02 81 02 81 02 81 02 81 02 81 02 81 02 81 02 81 02 81 02 81 02 81 02 81 02 81 02 81 02 81 02 81 02 81 02 81 02 81 02 81 02 81 02 81 02 81 02 81 02 81 02 81 02 81 02 81 02 81 02 81 02 81 02 81 02 81 02 81 02 81 02 81 02 81 02 81 02 81 02 81 02 81 02 81 02 81 02 81 02 81 02 81 02 81 02 81 02 81 02 81 02 81 02 81 02 81 02 81 02 81 02 81 02 81 02 81 02 81 02 81 02 81 02 81 02 81 02 81 02 81 02 81 02 81 02 81 02 81 02 81 02 81 02 81 02 81 02 81 02 81 02 81 02 81 02 81 02 81 02 81 ",

