   # Channel 0 - 1 hex FE FE FE FE FE FE 8A at last notes 
   "24 81 24 83 28 83 2B 83 2B 81 2B 81 2B 81 28 81 2B 83 61 85 24 81 24 83 28 83 26 83 26 81 2B 81 2B 81 2B 81 28 83 61 85 24 81 24 83 28 83 2B 83 2B 81 2B 81 2B 81 28 81 2B 83 61 85 24 81 24 83 28 83 26 83 26 81 2B 81 2B 81 2B 81 28 83 61 85 2D 81 2D 83 29 83 2D 83 2D 81 2D 81 2D 81 29 81 2D 83 61 85 2B 81 2B 83 2B 83 30 83 2B 81 2B 81 2B 81 28 81 26 83 61 85 24 81 24 83 28 83 28 83 26 81 2B 81 2B 81 2B 81 24 83 61 85 28 81 28 83 26 83 24 83 24 81 21 81 21 81 21 81 24 81 61 81 61 85 30 81 30 83 34 83 37 83 37 81 37 81 37 81 34 81 37 83 61 85 30 81 30 83 34 83 32 83 32 81 37 81 37 81 37 81 34 83 61 85 30 81 30 83 34 83 37 83 37 81 37 81 37 81 34 81 37 83 61 85 30 81 30 83 34 83 32 83 32 81 37 81 37 81 37 81 34 83 61 85 39 81 39 83 35 83 39 83 39 81 39 81 39 81 35 81 39 83 61 85 37 81 37 83 37 83 30 83 37 81 37 81 37 81 34 81 32 83 61 85 30 81 30 83 34 83 32 83 32 81 37 81 37 81 37 81 30 83 61 85 34 81 34 83 32 83 30 83 30 81 2D 81 2D 81 2D 81 30 81 61 81 61 8F 63",
   # Channel 1 - 2 - hex FE FE FE FE FE FE 8B at last notes
   "61 87 61 81 18 83 18 82 18 1F 87 18 83 18 82 18 1F 87 1F 83 1F 82 1F 1A 87 18 83 18 82 18 1F 87 18 83 18 82 18 1F 87 18 83 18 82 18 1F 87 1F 83 1F 82 1F 1A 87 18 83 18 82 18 1F 87 1D 83 1D 82 1D 18 87 1D 83 1D 82 1D 18 87 18 83 18 82 18 1F 87 1F 83 1F 82 1F 1A 87 1F 83 1F 82 1F 1A 87 1F 83 1F 82 1F 1A 87 18 83 18 82 18 18 81 21 81 18 81 61 81 61 8F 24 83 24 82 24 1F 87 24 83 24 82 24 1F 87 2B 83 2B 82 2B 26 87 24 83 24 82 24 1F 87 24 83 24 82 24 1F 87 24 83 24 82 24 1F 87 2B 83 2B 82 2B 26 87 24 83 24 82 24 1F 87 29 83 29 82 29 24 87 29 83 29 82 29 24 87 24 83 24 82 24 1F 87 2B 83 2B 82 2B 26 87 2B 83 2B 82 2B 26 87 2B 83 2B 82 2B 26 87 24 83 24 81 24 81 21 81 21 81 24 81 61 81 61 8F 61",

   # Channel 2 - 3 - hex FE FE FE FE FE FE FE FE 90 - does not contains notes
   "",
   # Channel 3 - 4 - hex FE FE FE FE FE FE FE FE 90 - does not contains notes
   "",
    
   # Channel 4 - 5 - hex FE FE FE FE FE FE FE FE 90 - does not contains notes
   "",

   # Channel 5 - 6 - hex FE FE FE FE FE FE FE FE 90 - does not contains notes
   "",

   # Channel 6 (Drums) -7 - 5 hex FE FE FE FE FE FE 8F at last notes
   "20 81 20 87 12 83 02 82 02 12 83 20 83 12 83 02 82 02 12 83 20 83 12 83 02 82 02 12 83 20 83 12 83 02 82 02 12 83 20 83 12 83 02 82 02 12 83 20 83 12 83 02 82 02 12 83 20 83 12 83 02 82 02 12 83 20 83 12 83 02 82 02 12 83 20 83 12 83 02 82 02 12 83 20 83 12 83 02 82 02 12 83 20 83 12 83 02 82 02 12 83 20 83 12 83 02 82 02 12 83 20 83 12 83 02 82 02 12 83 20 83 12 83 02 82 02 12 83 20 83 12 83 08 81 08 81 08 81 18 81 12 83 20 87 08 83 08 83 11 81 01 81 09 81 09 81 11 81 01 81 09 81 01 81 11 81 01 81 09 81 09 81 11 81 01 81 09 81 01 81 11 81 01 81 09 81 09 81 11 81 01 81 09 81 01 81 11 81 01 81 09 81 09 81 11 81 01 81 09 81 01 81 11 81 01 81 09 81 09 81 11 81 01 81 09 81 01 81 11 81 01 81 09 81 09 81 11 81 01 81 09 81 01 81 11 81 01 81 09 81 09 81 11 81 01 81 09 81 01 81 11 81 01 81 09 81 09 81 11 81 01 81 09 81 01 81 11 81 01 81 09 81 09 81 11 81 01 81 09 81 01 81 11 81 01 81 09 81 09 81 11 81 01 81 09 81 01 81 11 81 01 81 09 81 09 81 11 81 01 81 09 81 01 81 11 81 01 81 09 81 09 81 11 81 01 81 09 81 01 81 11 81 01 81 09 81 09 81 11 81 01 81 09 81 01 81 11 81 01 81 09 81 09 81 11 81 01 81 09 81 01 81 11 81 01 81 08 81 08 81 08 81 08 81 08 83 20 83 08 08 08 08 04 04 04 04 10 10 10 10 ",
