   # Channel 0 - 1 - hex FE FE FE FE FE FE 6A at last notes
   "61 EF 61 8F 61 8B 2B 81 2D 81 30 85 32 81 34 83 37 81 37 81 39 85 37 81 34 83 32 34 32 81 30 85 30 81 30 81 2D 81 2D 81 30 81 32 87 61 83 2B 81 2D 81 30 85 32 81 34 83 37 81 37 81 39 85 37 81 34 83 34 81 32 81 30 85 30 81 30 81 2D 81 2D 81 2B 81 30 8B 30 81 30 81 32 85 30 81 32 83 34 81 35 81 37 85 39 81 37 83 34 81 37 81 39 85 39 81 39 83 37 81 34 81 32 85 30 81 32 83 2B 81 2D 81 30 85 32 81 34 83 37 81 37 81 39 85 37 81 34 83 34 81 32 81 30 85 30 81 30 81 2D 81 2D 81 2B 81 30 8F 61 BF 61 8B 2B 81 2D 81 30 85 32 81 34 83 37 81 37 81 39 85 37 81 34 83 32 34 32 81 30 85 30 81 30 81 2D 81 2D 81 30 81 32 87 61 83 2B 81 2D 81 30 85 32 81 34 83 37 81 37 81 39 85 37 81 34 83 34 81 32 81 30 85 30 81 30 81 2D 81 2D 81 2B 81 30 8B 30 81 30 81 32 85 30 81 32 83 34 81 35 81 37 85 39 81 37 83 34 81 37 81 39 85 39 81 39 83 37 81 34 81 32 85 30 81 32 83 2B 81 2D 81 30 85 32 81 34 83 37 81 37 81 39 85 37 81 34 83 34 81 32 81 30 85 30 81 30 81 2D 81 2D 81 2B 81 30 8F 30 85 30 81 2F 83 34 83 2D 85 2D 81 2F 83 30 83 32 87 37 87 34 85 34 81 32 81 37 85 30 85 30 81 2F 81 34 85 2D 85 2D 81 2F 83 32 83 30 8F 61 63 ",
   
   # Channel 1 - 2 - hex FE FE FE FE FE FE 8B at last notes
   "61 EF 61 9F 24 8B 24 83 2D 8B 28 83 29 8B 29 83 2B 8B 1F 83 24 8B 24 83 2D 8B 28 83 29 8B 2B 83 24 8F 26 8F 28 8F 2D 8F 26 87 2B 87 24 8B 24 81 24 81 2D 8B 2D 81 28 81 29 8B 21 81 1F 81 24 8F 24 85 24 81 34 87 21 85 21 81 21 87 29 85 29 81 2B 87 24 8F 24 8F 24 8B 24 83 2D 8B 28 83 29 8B 29 83 2B 8B 1F 83 24 8B 24 83 2D 8B 28 83 29 8B 2B 83 24 8F 26 8F 28 8F 2D 8F 26 87 2B 87 24 8B 24 81 24 81 2D 8B 2D 81 28 81 29 8B 21 81 1F 81 24 85 24 81 24 87 2D 85 2D 81 2D 87 29 85 29 81 29 87 2B 85 2B 81 2B 87 24 85 24 81 24 87 2D 85 2D 81 2D 87 29 85 29 81 2B 87 24 8F 61 ",

   # Channel 2 - 3 - hex FE FE FE FE FE FE 8C at last notes
   "34 85 34 81 32 81 37 85 30 85 30 81 2F 81 34 85 2D 85 2D 81 2F 83 30 83 32 87 37 87 34 85 34 81 32 83 37 83 30 85 30 81 2F 81 34 85 2D 85 2D 81 2F 83 32 83 30 8F 30 8B 61 83 61 EF 61 EF 61 9F 34 85 34 81 32 83 37 83 30 85 30 81 2F 81 34 85 2D 85 2D 81 2F 83 32 83 30 8F 30 8B 61 83 61 ",
  
   # Channel 3 - 4 - hex FE FE FE FE FE FE 8D at last notes
   "61 EF 34 81 30 81 37 81 34 81 3C 81 37 81 33 34 3C 81 34 81 30 81 37 81 34 81 3C 81 37 81 33 34 3C 81 61 AF 61 83 2D 81 30 81 2F 83 32 83 30 8F 61 9F 61 83 37 81 34 81 39 81 3C 81 40 81 43 81 41 8F 3B 85 3C 81 3B 87 3C 8F 3E 87 3B 87 61 EF 34 81 30 81 37 81 34 81 3C 81 37 81 33 34 3C 81 34 81 30 81 37 81 34 81 3C 81 37 81 33 34 3C 81 61 AF 61 83 2D 81 30 81 2F 83 32 83 30 8F 61 9F 61 83 37 81 34 81 39 81 3C 81 40 81 43 81 41 8F 3B 85 3C 81 3B 87 3C 8F 3E 87 3B 87 61 AF 34 85 34 81 32 81 37 85 61 ",
    
   # Channel 4 - 5 - hex 61 FE FE FE FE FE FE FE FE 90 does not contain notes 
   "",

   # Channel 5 - 6 - hex 61 FE FE FE FE FE FE FE FE 90 does not contain notes 
   "",

   # Channel 6 (Drums) -7 - 5 - hex FE FE FE FE FE FE 8F at last notes
   "17 81 17 81 17 17 17 17 17 81 17 81 17 17 17 17 17 81 17 81 17 17 17 17 17 81 17 81 17 17 17 17 17 81 17 81 17 17 17 17 17 81 17 81 17 17 17 17 17 81 17 81 17 17 17 17 17 81 17 81 17 17 17 17 11 81 01 81 09 81 11 81 11 81 01 81 09 81 01 81 11 81 01 81 09 81 11 81 11 81 01 81 09 81 01 81 11 81 01 81 09 81 11 81 11 81 01 81 09 81 01 81 03 8F 03 8F 11 81 01 81 09 81 11 81 11 81 01 81 09 81 01 81 11 81 01 81 09 81 11 81 11 81 01 81 09 81 01 81 11 81 01 81 09 81 11 81 11 81 01 81 09 81 01 81 11 81 01 81 09 81 11 81 11 81 01 81 09 81 01 81 11 81 01 81 09 81 11 81 11 81 01 81 09 81 01 81 11 81 01 81 09 81 11 81 11 81 01 81 09 81 01 81 11 81 01 81 09 81 11 81 11 81 01 81 09 81 01 81 11 81 01 81 09 81 11 81 11 81 01 81 19 81 19 81 11 81 01 81 09 81 11 81 11 81 11 81 09 81 11 81 11 81 01 81 09 81 11 81 11 81 11 81 09 81 11 81 11 81 01 81 09 81 11 81 11 81 11 81 09 81 11 81 20 87 10 83 19 81 19 81 11 81 01 81 01 81 01 81 09 81 01 81 01 81 11 81 11 81 01 81 01 81 01 81 09 81 01 81 01 81 11 81 11 81 01 81 01 81 01 81 09 81 01 81 01 81 11 81 11 81 01 81 01 81 01 81 09 81 01 81 01 81 11 81 11 81 01 81 09 81 11 81 11 81 01 81 09 81 01 81 11 81 01 81 09 81 11 81 11 81 01 81 09 81 01 81 11 81 01 81 09 81 11 81 11 81 01 81 09 81 01 81 03 8F 03 8F 11 81 01 81 09 81 11 81 11 81 01 81 09 81 01 81 11 81 01 81 09 81 11 81 11 81 01 81 09 81 01 81 11 81 01 81 09 81 11 81 11 81 01 81 09 81 01 81 11 81 01 81 09 81 11 81 11 81 01 81 09 81 01 81 11 81 01 81 09 81 11 81 11 81 01 81 09 81 01 81 11 81 01 81 09 81 11 81 11 81 01 81 09 81 01 81 11 81 01 81 09 81 11 81 11 81 01 81 09 81 01 81 11 81 01 81 09 81 11 81 11 81 01 81 19 81 19 81 11 81 01 81 09 81 11 81 11 81 11 81 09 81 11 81 11 81 01 81 09 81 11 81 11 81 11 81 09 81 11 81 11 81 01 81 09 81 11 81 11 81 11 81 09 81 11 81 20 87 10 83 19 81 19 81 11 81 01 81 01 81 01 81 09 81 01 81 01 81 11 81 11 81 01 81 01 81 01 81 09 81 01 81 01 81 11 81 11 81 01 81 01 81 01 81 09 81 01 81 01 81 11 81 11 81 01 81 01 81 01 81 09 81 01 81 01 81 11 81 17 81 17 81 17 17 17 17 17 81 17 81 17 17 17 17 17 81 17 81 17 17 17 17 17 81 17 81 17 17 17 17 17 81 17 81 17 17 17 17 17 81 17 81 17 17 17 17 17 81 17 81 17 17 17 17 17 81 17 81 17 17 17 17 17 81 17 81 17 17 17 17 17 81 17 81 17 17 17 17 17 81 17 81 17 17 17 17 17 81 17 81 17 17 17 17 03 8F ",
