   # Channel 0 - 1 - hex FE FE FE FE FE FE 8A at last notes
   "61 BF 61 BF 30 83 32 81 34 81 37 85 39 81 39 81 37 81 34 81 32 81 30 87 30 81 30 34 32 81 30 81 32 81 30 81 2D 81 2B 2D 2B 8F 2D 85 2B 81 30 81 32 81 34 83 37 81 34 81 32 81 30 81 32 87 30 81 2D 30 2B 81 34 81 32 81 37 81 34 81 32 81 30 8F 39 83 39 82 37 39 81 39 81 39 81 61 81 34 81 37 39 39 81 37 81 34 85 32 81 30 81 30 34 34 32 30 81 2D 87 30 83 30 82 2D 2B 81 28 81 2B 81 61 81 2D 81 2B 81 30 81 32 81 34 87 32 82 30 32 81 34 81 37 83 39 37 34 81 37 8B 34 82 37 39 85 37 34 37 87 34 82 32 30 81 34 81 32 81 30 81 2D 81 2B 81 28 81 30 2D 2B 81 61 83 2B 83 28 81 2B 85 2D 81 32 81 30 81 32 81 34 81 37 85 39 81 39 81 37 81 34 81 32 81 30 8F 61 BF 61 BF 39 83 39 82 37 39 81 39 81 39 81 61 81 34 81 37 39 39 81 37 81 34 85 32 81 30 81 30 34 34 32 30 81 2D 87 30 83 30 82 2D 2B 81 28 81 2B 81 61 81 2D 81 2B 81 30 81 32 81 34 87 32 82 30 32 81 34 81 37 83 39 37 34 81 37 8B 34 82 37 39 85 37 34 37 87 34 82 32 30 81 34 81 32 81 30 81 2D 81 2B 81 28 81 30 2D 2B 81 61 83 2B 83 28 81 2B 85 2D 81 32 81 30 81 32 81 34 81 37 85 39 81 39 81 37 81 34 81 32 81 30 8B 61 81 34 37 39 85 37 39 37 87 34 83 34 32 30 34 32 85 34 32 30 85 2D 81 2B 81 37 81 34 81 32 81 30 8F 61 62 ",
   # Channel 1 - 2 - hex FE FE FE FE FE FE 8B at last notes
   "24 87 24 87 24 87 24 87 24 87 1D 87 24 87 24 87 1D 83 24 83 1D 83 24 83 24 83 1F 83 24 83 1F 83 21 83 24 83 1F 83 1A 81 1F 81 24 83 1F 83 24 81 61 85 24 83 1F 83 24 83 1F 83 24 83 1F 83 24 83 1F 83 24 83 1F 83 1D 83 24 83 24 83 1F 83 24 83 1F 81 24 81 21 83 1C 83 21 83 1C 83 24 83 1F 83 1F 83 1A 81 1F 81 21 83 24 83 1F 83 1A 81 1F 81 24 83 1F 81 24 81 24 81 24 81 1F 81 24 81 21 83 1C 83 21 81 21 81 21 81 61 81 21 83 1C 83 24 83 1F 81 24 81 21 83 1C 83 1D 83 18 81 1D 81 24 83 24 83 1F 81 1F 81 1F 81 61 81 21 83 1C 83 24 83 1F 83 1F 83 1A 83 1F 83 1A 83 1F 83 1A 83 1F 83 1A 81 1F 81 21 83 1C 83 24 83 1F 83 24 83 1F 83 32 81 30 81 2D 81 2B 81 28 81 30 2D 2B 81 61 81 24 83 1F 83 24 83 1F 81 24 81 1F 83 1F 83 24 83 24 83 1F 83 1F 83 24 83 1F 83 24 83 24 81 1F 81 24 83 1F 83 24 83 1F 83 24 83 1F 83 24 83 1F 83 24 83 1F 83 1D 83 24 83 24 83 1F 83 24 83 1F 81 24 81 21 83 1C 83 21 83 1C 83 24 83 1F 83 1F 83 1A 81 1F 81 21 83 24 83 1F 83 1A 81 1F 81 24 83 1F 81 24 81 24 81 24 81 1F 81 24 81 21 83 1C 83 21 81 21 81 21 81 61 81 21 83 1C 83 24 83 1F 81 24 81 21 83 1C 83 1D 83 18 81 1D 81 24 83 24 83 1F 81 1F 81 1F 81 61 81 21 83 1C 83 24 83 1F 83 1F 83 1A 83 1F 83 1A 83 1F 83 1A 83 1F 83 1A 81 1F 81 21 83 1C 83 24 83 1F 83 24 83 1F 83 32 81 30 81 2D 81 2B 81 28 81 30 2D 2B 81 61 81 24 83 1F 83 24 83 1F 81 24 81 1F 83 1F 83 24 83 24 83 1F 83 1F 83 24 83 1F 83 24 83 1F 81 24 81 21 83 1C 83 1F 83 1A 83 24 83 1F 83 1F 83 1F 83 24 83 21 83 1F 87 24 8F 61 ",

   # Channel 2 - 3 - hex FE FE FE FE FE FE 8C at last notes
   "30 83 32 81 34 81 37 85 39 81 39 81 37 81 34 81 32 81 30 87 30 81 34 81 32 81 30 81 32 81 30 81 2D 81 2B 2D 2B 8F 39 81 3C 3E 3C 81 39 81 3C 85 30 32 34 81 37 3C 39 37 34 81 37 85 34 32 30 81 2D 30 2B 81 34 81 32 82 37 34 81 32 81 30 8F 61 EF 61 EF 61 EF 30 83 32 81 34 81 37 85 39 81 39 81 37 81 34 81 32 81 30 87 30 81 30 34 32 81 30 81 32 81 30 81 2D 81 2B 2D 2B 8F 2D 85 2B 81 30 81 32 81 34 83 37 81 34 81 32 81 30 81 32 87 30 81 2D 30 2B 81 34 81 32 81 37 81 34 81 32 81 30 8F 61 ",
   
   # Channel 3 - 4 - hex FE FE FE FE FE FE 8D at last notes
   "61 BF 61 87 3C 3E 3C 39 3C 83 61 87 37 39 37 34 37 83 61 8F 61 81 39 37 34 81 32 81 30 34 32 30 2D 81 2B 81 61 8F 61 8B 2B 2D 30 32 34 87 61 8B 61 34 37 39 3C 40 3E 3C 39 81 37 81 61 8F 61 8B 39 37 34 32 30 87 61 87 61 81 3C 3C 39 81 37 81 34 32 30 32 30 32 34 37 39 87 39 81 39 81 39 81 61 81 61 87 61 81 39 37 34 81 32 81 30 87 61 34 32 30 2D 81 2B 81 30 87 37 81 34 81 37 83 61 87 61 81 2B 2D 30 34 32 30 32 82 30 32 81 34 81 37 83 39 37 34 81 61 81 32 34 37 34 37 39 37 87 61 81 39 39 39 83 61 81 37 37 37 83 34 82 32 30 81 34 81 32 81 30 81 2D 81 2B 81 28 81 30 2D 2B 81 61 81 61 8F 61 87 61 81 30 34 37 83 61 87 61 81 40 3E 3C 81 40 3E 3C 87 61 EF 61 81 3C 3C 39 81 37 81 34 32 30 32 30 32 34 37 39 87 39 81 39 81 39 81 61 81 61 87 61 81 39 37 34 81 32 81 30 87 61 34 32 30 2D 81 2B 81 30 87 37 81 34 81 37 83 61 87 61 81 2B 2D 30 34 32 30 32 82 30 32 81 34 81 37 83 39 37 34 81 61 81 32 34 37 34 37 39 37 87 61 81 39 39 39 83 61 81 37 37 37 83 34 82 32 30 81 34 81 32 81 30 81 2D 81 2B 81 28 81 30 2D 2B 81 61 81 61 8F 61 87 61 81 30 34 37 83 61 87 61 81 40 3E 3C 81 40 3E 3C 87 61 81 34 37 39 83 61 81 37 39 37 83 61",
    
   # Channel 4 - 5 - hex 61 FE FE FE FE FE FE FE FE 90 does not contain notes 
   "",

   # Channel 5 - 6 - hex 61 FE FE FE FE FE FE FE FE 90 does not contain notes 
   "",

   # Channel 6 (Drums) -7 - 5 hex FE FE FE FE FE FE 8F - does not contain notes 
   "11 81 01 81 01 81 01 81 11 81 01 81 01 81 01 81 11 81 01 81 01 81 01 81 11 81 01 81 01 81 01 81 11 81 01 81 01 81 01 81 11 81 01 81 01 81 01 81 11 81 01 81 01 81 01 81 11 81 01 81 01 81 01 81 11 81 01 81 19 81 01 81 11 81 01 81 19 81 01 81 11 81 01 81 19 81 01 81 11 81 01 81 19 81 01 81 11 81 01 81 19 81 01 81 11 81 01 81 19 81 01 81 20 87 08 81 20 85 11 81 01 81 11 81 01 81 11 81 01 81 11 81 01 81 11 81 01 81 11 81 01 81 11 81 01 81 11 81 01 81 11 81 01 81 11 81 01 81 11 81 01 81 11 81 01 81 11 81 01 81 11 81 01 81 11 81 01 81 11 81 01 81 11 81 01 81 11 81 01 81 11 81 01 81 11 81 01 81 11 81 01 81 11 81 01 81 11 81 01 81 11 81 01 81 11 81 01 81 11 81 01 81 11 81 01 81 11 81 01 81 11 81 01 81 11 81 01 81 19 11 19 11 19 19 19 19 11 81 01 81 11 81 01 81 08 81 08 81 08 81 20 81 11 81 01 81 19 81 01 81 11 81 01 81 19 81 01 81 11 81 01 81 19 81 01 81 11 81 01 81 19 81 01 81 20 87 08 81 08 81 08 81 20 81 11 81 01 81 19 81 01 81 11 81 01 81 19 81 01 81 11 81 01 81 19 81 01 81 11 81 01 81 19 81 01 81 11 81 01 81 19 81 01 81 11 81 01 81 19 81 01 81 11 81 01 81 19 81 01 81 11 81 01 81 19 81 01 81 20 87 08 81 08 81 08 81 08 81 08 81 08 08 08 81 08 81 11 81 01 81 19 81 01 81 11 81 01 81 19 81 01 81 11 81 01 81 19 81 01 81 11 81 01 81 19 81 01 81 11 83 11 83 20 87 19 11 19 11 19 19 19 19 11 81 01 81 11 81 01 81 11 81 01 81 11 81 01 81 11 81 01 81 11 81 01 81 11 81 01 81 11 81 01 81 11 81 01 81 11 81 01 81 11 81 01 81 11 81 01 81 11 81 01 81 11 81 01 81 11 81 01 81 11 81 01 81 11 81 01 81 11 81 01 81 11 81 01 81 11 81 01 81 11 81 01 81 11 81 01 81 11 81 01 81 11 81 01 81 11 81 01 81 11 81 01 81 11 81 01 81 11 81 01 81 11 81 01 81 11 81 01 81 19 11 19 11 19 19 19 19 11 81 01 81 11 81 01 81 08 81 08 81 08 81 20 81 11 81 01 81 19 81 01 81 11 81 01 81 19 81 01 81 11 81 01 81 19 81 01 81 11 81 01 81 19 81 01 81 20 87 08 81 08 81 08 81 20 81 11 81 01 81 19 81 01 81 11 81 01 81 19 81 01 81 11 81 01 81 19 81 01 81 11 81 01 81 19 81 01 81 11 81 01 81 19 81 01 81 11 81 01 81 19 81 01 81 11 81 01 81 19 81 01 81 11 81 01 81 19 81 01 81 20 87 08 81 08 81 08 81 08 81 08 81 08 08 08 81 08 81 11 81 01 81 19 81 01 81 11 81 01 81 19 81 01 81 11 81 01 81 19 81 01 81 11 81 01 81 19 81 01 81 11 83 11 83 20 87 19 11 19 11 19 19 19 19 11 81 01 81 19 81 01 81 11 81 01 81 19 81 01 81 11 81 01 81 19 81 01 81 11 81 01 81 19 81 01 81 20 87 03 87 03 8F ",
